3.022026021087117442e+02 1.643946227744619080e+02 5.555031563948664797e+01
2.486302059801392375e+02 3.363193374860082372e+02 5.521749898752143082e+01
2.501095342453286321e+02 3.373454837171025247e+02 5.521851378230150686e+01
2.486167873674845623e+02 3.373184809039139509e+02 5.521606180730672264e+01
4.303176351067181713e+02 2.587254013099142753e+02 5.364147504206384554e+01
4.303042164940635530e+02 2.597245447278199890e+02 5.364003786184913736e+01
2.368025223806288295e+02 3.295536432073001833e+02 4.824588366019399643e+01
2.389270429830954754e+02 3.323796148327772926e+02 4.855142581241957345e+01
2.416034882385185369e+02 3.344723986357709009e+02 4.725243272910407200e+01
3.898691112108110701e+02 1.513383379385091985e+02 4.577009995631239292e+01
3.429901204281845821e+02 1.954627045354193910e+02 4.562941562181226374e+01
1.794375253947204101e+02 3.294200480264027533e+02 4.516689130796243035e+01
3.888630212667911792e+02 1.513550062022735858e+02 4.477390304770698037e+01
3.903490588383078830e+02 1.518815807244150449e+02 4.477563643259441761e+01
2.395661767597231631e+02 2.236431532410235263e+02 4.342798942351314651e+01
2.385710121744938021e+02 2.236251513655644487e+02 4.342635477351662132e+01
1.233241553626181286e+02 3.554581555625957776e+02 4.304742252514228085e+01
2.385816200033634118e+02 2.223160786938307183e+02 4.276522823610245183e+01
4.161432908285272561e+02 2.308697299458555960e+02 4.271782881842827351e+01
1.256488606926830869e+02 3.551728804152896828e+02 4.288595414622982815e+01
1.302525448751238173e+02 3.576171256658441280e+02 4.206142845607963920e+01
3.475708647362833972e+02 2.226335966138394440e+02 4.261509823017112808e+01
1.229664253130794265e+02 3.571289404266811403e+02 4.271296286369656059e+01
1.275674573534812311e+02 3.599004653786500967e+02 4.205371594598724982e+01
3.185276056850320856e+02 3.840087796771701960e+02 4.233813948548250039e+01
5.026207289642024989e+02 4.253155774552457160e+02 4.258675421167867370e+01
5.034629834243870619e+02 4.274545088593220612e+02 4.258513052246937747e+01
4.979284613606830590e+02 4.272160589790076983e+02 4.295873495230409134e+01
4.985918588520615913e+02 4.292228085554205563e+02 4.307174802013820170e+01
2.739084099503494372e+02 4.451635890671252582e+02 4.217710971232366290e+01
2.738815727250400869e+02 4.471618759029366856e+02 4.217423535189425365e+01
2.753474823775748064e+02 4.491871655519367437e+02 4.217381296645962152e+01
3.335851920975346729e+02 1.514590559498709865e+02 4.169805601685857965e+01
2.400553269474114018e+02 2.227223510392942671e+02 4.144111941150833900e+01
3.803395831918292060e+02 2.895538539407776284e+02 4.158050867754448632e+01
1.276515016344019386e+02 3.578048316991553861e+02 4.106232864391603243e+01
1.232486301944182969e+02 3.595240695126655055e+02 4.105254928706567341e+01
2.665532013797471791e+02 4.656597403421557146e+02 4.094242229705497493e+01
2.651257414735883913e+02 4.675606403070486294e+02 4.014175411530453630e+01
2.666641792073013448e+02 4.679782878216586255e+02 4.068618232083864683e+01
2.577507752560746326e+02 2.006259972353963690e+02 3.951293782406061439e+01
2.710747198222807128e+02 3.202936638070153776e+02 3.936571453835099987e+01
5.026282087257949343e+02 4.224221576191989129e+02 3.960737897649612904e+01
5.005817118508533667e+02 4.273472008185859181e+02 4.059148603403843936e+01
5.005444990093200204e+02 4.302154043776619119e+02 4.071167442324726693e+01
2.520920654019474512e+02 4.621613846932414731e+02 4.012765663185895448e+01
2.387310831830158975e+02 2.078122073751902690e+02 3.847653836390748694e+01
2.672564844626921285e+02 2.702901546113872655e+02 3.843565536549309769e+01
1.164353753498236159e+02 2.715594441509603598e+02 3.818225717016102294e+01
1.154402107645942408e+02 2.715414422755013106e+02 3.818062252016449776e+01
5.031148656596191131e+02 4.224658286961519025e+02 3.861363404288550072e+01
3.054901153231759281e+02 2.020589992448316821e+02 3.760155791656859492e+01
2.577343872178887523e+02 2.006780024442315380e+02 3.802109443614728690e+01
2.383531802224639478e+02 3.467374803468849791e+02 3.778194115975357903e+01
4.982717622346199278e+02 4.247159426545235306e+02 3.843661814173359659e+01
4.982329446145711245e+02 4.273899454298225464e+02 3.815652133257582790e+01
2.279045586451558165e+02 1.180641242541952707e+01 3.674703339381918710e+01
2.949806564238621149e+02 1.689065808935050086e+02 3.713372258438771922e+01
2.954111456532033344e+02 1.739112989207631301e+02 3.712735400831245158e+01
2.977291490646924785e+02 1.741256108654719412e+02 3.696516702983440439e+01
2.405789361900738186e+02 2.073683557268932702e+02 3.784093182973688130e+01
4.979441100216210998e+02 4.272530179451936192e+02 4.048777135471247846e+01
2.405450841614911326e+02 2.096849822717101972e+02 3.757713113190538934e+01
2.386981893605900495e+02 2.096384046614918191e+02 3.767830238703876233e+01
3.047690971180787756e+02 2.920255779332990187e+02 3.647846676363435137e+01
2.457250837673104513e+02 2.969538273197831018e+02 3.637299067005211839e+01
1.325664616598249665e+02 3.288859911328372618e+02 3.613900243064585283e+01
1.295608399851548427e+02 3.303307006333185996e+02 3.613194271033422211e+01
1.317261709233128215e+02 3.309540795313060926e+02 3.631549120773605921e+01
1.317112851408602694e+02 3.332678145180303204e+02 3.613137112148721997e+01
3.888739466255816524e+02 1.513203360630501209e+02 4.576846530631587484e+01
1.354634878063255883e+02 3.359166656149427581e+02 3.663112724843691836e+01
2.386419891209018544e+02 3.427887448181562036e+02 3.654489571985043028e+01
2.410579690882363764e+02 3.449119880838613312e+02 3.709289100357472080e+01
1.990295273659638440e+02 3.795823932776291940e+02 3.706208600680691490e+01
1.975885656379520299e+02 3.795143790298573663e+02 3.667303003909282921e+01
5.055583052322651838e+02 4.250433620687873599e+02 3.761956545873115232e+01
2.929781552676806768e+02 1.693874839211514427e+02 3.663245356498287464e+01
5.055328734803857742e+02 4.271966059747814484e+02 3.794797107110402834e+01
5.035344295301697457e+02 4.275052168626334606e+02 3.761270320820133861e+01
5.005489357744816061e+02 4.274512112362562561e+02 3.760779925821177017e+01
5.032352687084172658e+02 4.298493226019209033e+02 3.797051905182097187e+01
5.007691480277911751e+02 4.297783889759076033e+02 3.785349505024238681e+01
1.845353479875550420e+02 4.377249108686303316e+02 3.706607545086073685e+01
1.842296789925580924e+02 4.389642557350383640e+02 3.718812247668854809e+01
2.456558332408398826e+02 4.565212200305606416e+02 3.614692642290218316e+01
2.435058774111763285e+02 4.588002927632068122e+02 3.653791215880635690e+01
2.413121482004860070e+02 4.587745568007260317e+02 3.613648951277743748e+01
2.283750820547149374e+02 4.588346123709582116e+02 3.649732227860039302e+01
2.259839357756239053e+02 4.586971689086871038e+02 3.611102845922145121e+01
5.035672056065413926e+02 4.274012064449631225e+02 4.059638998402800780e+01
2.412853109751766283e+02 4.607728436365374591e+02 3.613361515234802113e+01
2.434944723426567634e+02 4.612453685503595580e+02 3.646812844094475992e+01
2.283456781133306777e+02 4.615032925342517842e+02 3.710548978078740845e+01
2.261014067739023403e+02 4.613595642242453323e+02 3.648039005419150982e+01
2.263175863587720187e+02 4.635002457583684645e+02 3.610478386175606147e+01
2.309654616927535926e+02 4.640824528213494773e+02 3.710620801091094023e+01
2.122242588137046369e+02 4.752379405168099993e+02 3.606465259922825339e+01
2.931544839184555258e+02 4.901761944388400138e+02 3.667575577035078283e+01
2.278869239800379205e+02 1.234065427359583111e+01 3.575175254510294565e+01
2.929605206025628377e+02 1.699217257693277361e+02 3.563717271626663319e+01
2.929403926835808534e+02 1.714204408961863066e+02 3.563501694594457803e+01
2.998998354738591843e+02 1.720460257333526783e+02 3.564574090581288601e+01
3.276458635951723863e+02 2.554969838078401949e+02 3.557385979789138730e+01
3.291319011666890901e+02 2.560235583299816540e+02 3.557559318277881744e+01
2.461243423733148745e+02 2.973290563017911836e+02 3.537863044923138744e+01
1.315603717158050472e+02 3.289026593966016208e+02 3.514280552204044028e+01
5.055910813086369444e+02 4.249393516511170219e+02 4.060325223455782151e+01
2.408674527391797255e+02 3.428725867119684381e+02 3.530537085908149209e+01
2.418424894054271022e+02 3.443893037142860862e+02 3.530484973875595500e+01
5.031853201682273493e+02 4.272354983630217475e+02 3.562351286571418996e+01
1.229347977552148450e+02 3.581858674540446259e+02 4.105392065448239691e+01
2.482405377129916815e+02 4.609335269039744389e+02 3.515049544371479584e+01
2.263066609999814602e+02 4.635349158975919295e+02 3.511022160314716700e+01
4.361427388564630974e+02 9.629781854508276240e+01 3.526992777185877515e+01
4.342607790975600892e+02 9.855804742325778989e+01 3.497944744305580400e+01
2.975913895203445918e+02 1.742985473803504419e+02 3.535456002314040092e+01
1.609325452221988257e+02 2.904927906258153598e+02 3.425169814170428850e+01
1.335211323212567720e+02 3.309456175181370554e+02 3.489455989695184712e+01
2.385440016285500917e+02 3.426756253572767719e+02 3.497027671126824799e+01
2.466580828779491412e+02 2.128479290507210919e+02 4.146611643863280250e+01
2.368652610058503001e+02 3.441443372668079519e+02 3.496539651597105092e+01
1.975734242266982790e+02 3.790841475993513541e+02 3.468462411198240858e+01
5.007002742118608012e+02 4.251015979008413410e+02 3.548031875064088325e+01
3.949775946401459805e+02 4.594113907156199730e+02 3.480074318008689715e+01
2.310908659543781027e+02 4.616547795341920732e+02 3.692042793134367429e+01
3.928734310160732548e+02 4.592916719967549852e+02 3.468374335578097600e+01
2.459316312438896830e+02 4.565325212986304564e+02 3.477993996643406405e+01
2.413171347082142404e+02 4.568456102433615342e+02 3.415023935598907201e+01
3.955462708728526877e+02 4.616168527057177471e+02 3.489801687432517951e+01
3.925607771171646618e+02 4.615628470793405427e+02 3.489311292433561107e+01
2.412689229369908048e+02 4.608248488453726281e+02 3.464177176443469364e+01
2.722727279508267202e+02 1.593095612310659135e+02 4.257915267874894027e+01
3.947190392834121440e+02 4.639969225687663084e+02 3.499271465881805909e+01
3.931928998179511154e+02 4.639061929521144521e+02 3.489084923925070569e+01
2.564275207914689645e+02 2.005904378826706136e+02 3.984227776232172147e+01
2.460836212322505503e+02 4.615998172272390434e+02 3.476345427462648985e+01
2.974400078630270627e+02 1.695204975695524467e+02 3.514796610205389982e+01
2.950866553172736531e+02 1.693125197631238450e+02 3.511118539498897917e+01
2.977595404330398878e+02 1.720322147873694121e+02 3.493183539423937134e+01
2.950388484319241797e+02 1.719886029623102104e+02 3.476753001079705285e+01
2.952577593564915333e+02 1.741206169616275758e+02 3.464056438301382457e+01
2.954996132623908807e+02 1.669346300650348383e+02 3.664013314051095449e+01
1.803269598087495638e+02 2.785527179477023765e+02 3.330646434531505662e+01
1.799773517219678070e+02 2.798789188017983633e+02 3.330400321539111275e+01
2.734959855082194053e+02 2.835693819307628019e+02 3.345478595463486471e+01
2.744777314807940911e+02 2.845865272241275648e+02 3.345498342441668171e+01
2.734825668955646734e+02 2.845685253486685156e+02 3.345334877442015653e+01
1.638749725608896028e+02 2.932342820063630597e+02 3.358972685535048441e+01
1.594980358244340835e+02 2.951020776570819066e+02 3.386984269248771540e+01
2.352538704013467736e+02 3.398193725473001336e+02 3.397433762793718159e+01
1.871536795635039425e+02 3.384728237529552644e+02 3.323300537280294265e+01
5.006269418543109850e+02 4.244928924043420579e+02 3.761211839199325624e+01
1.850791340563186509e+02 3.381109759707321132e+02 3.341087596645883195e+01
2.336368185454952311e+02 3.415892191222220049e+02 3.448144996797162065e+01
1.871268423381945638e+02 3.404711105887666918e+02 3.323013101237353339e+01
2.355415783390259605e+02 3.415975638634544111e+02 3.430379669972808898e+01
1.827440988171929632e+02 3.406916332754182690e+02 3.322250742584523664e+01
2.526555781665872189e+02 4.271039984754632997e+02 3.321677365378314306e+01
2.724112651319732095e+02 4.384546135816076458e+02 3.323365767135182836e+01
2.705228929564143527e+02 4.383170227270122155e+02 3.333015028140818714e+01
2.533689518860682597e+02 4.481040121269423935e+02 3.318822751927082493e+01
2.580274698712079271e+02 4.502091168865537725e+02 3.398861324040858989e+01
2.529713476242625063e+02 4.502074398844861207e+02 3.355752136454420764e+01
2.576582247937426473e+02 4.527865806701461793e+02 3.400242831395924981e+01
2.277092633953246263e+02 4.566226979907595478e+02 3.346485636066509528e+01
2.310865058311401583e+02 4.589091637101938659e+02 3.413025053804162212e+01
2.283531578749230562e+02 4.586098726982049811e+02 3.412611454560486379e+01
2.256625650013181996e+02 4.587163336775872153e+02 3.397229957096954678e+01
2.433120092480014023e+02 4.613702169572657112e+02 3.439578407529294424e+01
2.635281130349533214e+02 4.624790802526781022e+02 3.318481989266501131e+01
2.611424079907377518e+02 4.622360349812950062e+02 3.318118419623711191e+01
2.591386602076242980e+02 4.631991746482825647e+02 3.317647771602936047e+01
2.312610505526471059e+02 4.616208634759576057e+02 3.416494998037639164e+01
2.257404798183163166e+02 4.612688726653950084e+02 3.405949208184247112e+01
2.591252415949696228e+02 4.641983180661882784e+02 3.317504053581465229e+01
2.310397177409164158e+02 4.641774303068483505e+02 3.458171199294784515e+01
2.630656440979230410e+02 4.672677558217417300e+02 3.317726759515662849e+01
2.395767845885927727e+02 2.223340805692897959e+02 4.276686288609897701e+01
1.540507976848580824e+02 2.454656630325620199e+02 3.231498685917439673e+01
1.540373790722034073e+02 2.464648064504677336e+02 3.231354967895968855e+01
3.131256860275140070e+02 2.006921528741290786e+02 5.203640772158610872e+01
1.803160344499590053e+02 2.785873880869258414e+02 3.231190208670616926e+01
1.618723125582103535e+02 2.930779913244855948e+02 3.226061532394626852e+01
1.638425138096870910e+02 2.946127102022623490e+02 3.226172885361724951e+01
1.623430576255157121e+02 2.950852790980266036e+02 3.225855828851511120e+01
2.366572887620027643e+02 3.446299147973701338e+02 3.684285285651598230e+01
1.871763007363500719e+02 3.360096353474144166e+02 3.224203606473082573e+01
2.728710848404879243e+02 4.404965714943721196e+02 3.223703837731179078e+01
2.553483556977364515e+02 4.481746860170840137e+02 3.219693456065498083e+01
2.533311893019683509e+02 4.501369691019772858e+02 3.219079090023252121e+01
2.583070122281152408e+02 4.502269784792726455e+02 3.219896415021513292e+01
2.576122690619378091e+02 4.525463222176836098e+02 3.219452096505857241e+01
2.559536411732135832e+02 4.525163187256694073e+02 3.219179651514066620e+01
2.306821241362581532e+02 4.615200067414399996e+02 3.213688909134415184e+01
2.660804683327846760e+02 4.643590013336252582e+02 3.219192082718142700e+01
2.036277281155099672e+02 4.822176090576417096e+02 3.206244877831930751e+01
2.365589158999039796e+02 3.399127155756116849e+02 3.198739076369965773e+01
2.363778105751899830e+02 3.409146369238732177e+02 3.181992138939544645e+01
2.683970602594189359e+02 4.408804646245356480e+02 3.322352612082897139e+01
2.707649376865709883e+02 4.364725506774962582e+02 3.190772398794472053e+01
2.706046855284264439e+02 4.384707486072180700e+02 3.183832853865526147e+01
2.704998056311250139e+02 4.408371633566773085e+02 3.198397657633731228e+01
2.553190839892141639e+02 4.502763603201214551e+02 3.209445986817596008e+01
2.305082448190032096e+02 4.593321772392191633e+02 3.174189941244204149e+01
2.281908381779873309e+02 4.588928330593100782e+02 3.167235506491526920e+01
2.660980664523195856e+02 4.625813574747296002e+02 3.159776999946346976e+01
2.591021442504564334e+02 4.647498949839763327e+02 3.168247855779396716e+01
5.100240281043409141e+02 8.707600608226694305e+01 3.114411515114719364e+01
5.100106094916862958e+02 8.807514950017265676e+01 3.114267797093248902e+01
4.913462046488954229e+02 1.437031471446293551e+02 3.103277217897149143e+01
4.898534577710513531e+02 1.436761443314407529e+02 3.103032020397670721e+01
4.913327860362406909e+02 1.447022905625350688e+02 3.103133499875678325e+01
2.862969753839407758e+02 1.989577238630915019e+02 3.061246663451742478e+01
3.650497105558035855e+02 2.088770915454217345e+02 3.072979661491687153e+01
3.977235028345808132e+02 2.589377535596335633e+02 3.071341696917240682e+01
3.962307559567367434e+02 2.589107507464449895e+02 3.071096499417762260e+01
3.981033222379937797e+02 2.611187690769504570e+02 3.089177934030587380e+01
2.976885908164997545e+02 1.692360430502615429e+02 3.691175257171759938e+01
4.004849984913969365e+02 2.633183906979626840e+02 3.071182069857426100e+01
3.980555620714434326e+02 2.639372042623231778e+02 3.080634152337665199e+01
2.753771621865599855e+02 2.803263692946812284e+02 3.072765519542853951e+01
2.390475993944349682e+02 3.296798959364927555e+02 4.824945013910635083e+01
1.316126101170092397e+02 3.309943859472494978e+02 3.489130702983994325e+01
2.774572863854199340e+02 2.827462564323636798e+02 3.047907495900900088e+01
2.725443686716453158e+02 2.826997783633949552e+02 3.093894307224821816e+01
2.751057362167038036e+02 2.850298183442658910e+02 3.063766706804368312e+01
1.114450455971703846e+01 3.229012094905479557e+02 2.997795030027553054e+01
1.875225887591967080e+02 3.381925557042314381e+02 3.155102548575376531e+01
1.827995840154647453e+02 3.381782663737147345e+02 3.123716905528965171e+01
1.874408185082085936e+02 3.405865368586023578e+02 3.168349942758947080e+01
1.851482089817914130e+02 3.380065885715312106e+02 3.124133014569947520e+01
1.827394562535276634e+02 3.407993831509563734e+02 3.146285693478869661e+01
1.851099004805278696e+02 3.409213271595555170e+02 3.131669846498408916e+01
5.052515240568187664e+02 3.683168763472666001e+02 3.073791427071070004e+01
1.927631349884687779e+02 3.631638591620700822e+02 3.022391558169510262e+01
1.907795151243373937e+02 3.626282837021990417e+02 3.022136487180940989e+01
5.062131421104114679e+02 3.708327367674899619e+02 3.073595597017045833e+01
2.578362671608098822e+02 4.482196907057316935e+02 3.220102118564629023e+01
1.931316736369162186e+02 3.653691875183464504e+02 3.022140761770053885e+01
1.907467351085720111e+02 3.652106725830565210e+02 3.039847059365144588e+01
1.882580571296272751e+02 3.650811375583156746e+02 3.021368529628133359e+01
2.526421595539325153e+02 4.281031418933690134e+02 3.321533647356843488e+01
2.557466552036620726e+02 3.685873828913326520e+02 3.164729927969077394e+01
2.461270798974818774e+02 4.589214291221796884e+02 3.443946429257069752e+01
1.813405659134581924e+02 3.985018574642870703e+02 3.029689164024980386e+01
1.841658381260204180e+02 4.011099367316204507e+02 3.015584155478765283e+01
2.334280623214046670e+02 3.417037590888961631e+02 3.628911042293116651e+01
1.842650738004465722e+02 4.029855808746260664e+02 3.015335117313464508e+01
3.833370428786043931e+02 4.532188613709155334e+02 3.058006227118434950e+01
3.810150124264112037e+02 4.531768573610934254e+02 3.057624812111616919e+01
3.861290175539395477e+02 4.555896549383160732e+02 3.091286174621090055e+01
3.836465687702614105e+02 4.555273151800566893e+02 3.140605625052403482e+01
3.807130548681550408e+02 4.555515110012294713e+02 3.087463140514741156e+01
5.006592977438108392e+02 4.243902153925236576e+02 4.055755452431370145e+01
3.858527658688568636e+02 4.578245596249332721e+02 3.115785999288090125e+01
3.809116065384116609e+02 4.577721062440535320e+02 3.111417290001396196e+01
2.700577045194702350e+02 3.203450022100032584e+02 3.737495537113669997e+01
2.639294730497545061e+02 4.603713614979301951e+02 3.080168651543662861e+01
2.615917485266011226e+02 4.599897359778456121e+02 3.097512665527545295e+01
2.388234491181022463e+02 3.468331566326731377e+02 3.529635283822962322e+01
2.641060510288447176e+02 4.623593808861191405e+02 3.119696362900890563e+01
2.611587277227322375e+02 4.623431532095648890e+02 3.123031981263988399e+01
2.638979682138085536e+02 4.650475211078439202e+02 3.154380862410742381e+01
2.611272289942647831e+02 4.651672383467603140e+02 3.136097493634492039e+01
3.650589131159950966e+02 2.074130465577866005e+02 2.973739012663004289e+01
2.459851661660744924e+02 4.614811436758337777e+02 3.650208670497973173e+01
3.640637485307657926e+02 2.073950446823275229e+02 2.973575547663352125e+01
2.977275611343308128e+02 3.291195631798906334e+02 2.945273006045058040e+01
5.035346710209984167e+02 4.245842107626525603e+02 3.769640119554513547e+01
2.937603214060679875e+02 3.280484122601486092e+02 2.944762864067919494e+01
2.957238133512173590e+02 3.300827028468781918e+02 2.944802358024282896e+01
1.860946856241303067e+02 3.400922175612485603e+02 2.925096591804880930e+01
1.870831409030323300e+02 3.406097911456604947e+02 2.925188197793797684e+01
3.835019998061085289e+02 4.554695122968329315e+02 2.941690704958353209e+01
4.917316525924260304e+02 1.435590603321880678e+02 2.964132667799295362e+01
4.916798324147579251e+02 1.453898448782613855e+02 2.941488608463184562e+01
2.306067962894768755e+02 4.593217266681643878e+02 3.636647970480600378e+01
2.885410822084351139e+02 1.970692815255098935e+02 2.862989444022123919e+01
2.865507530379762784e+02 1.970332777745917383e+02 2.862662514022819238e+01
2.905112834599117377e+02 1.986040004032866193e+02 2.863100796989222729e+01
2.704961207965425274e+02 2.806912967467856674e+02 2.848138225224497333e+01
3.118492067482033008e+02 2.235677742624428106e+02 5.448812357317354582e+01
3.039895420716468379e+02 3.067815176689899204e+02 2.850031225665173551e+01
1.109581661682656062e+01 3.249688366048063131e+02 2.798595142262833946e+01
1.927467469502829545e+02 3.632158643709053081e+02 2.873207219378176802e+01
5.052015894869962267e+02 3.708667401008661386e+02 2.924247793226060210e+01
5.061672647257157678e+02 3.732103084474230172e+02 2.940651889124554685e+01
1.862872267039429062e+02 3.990943512323682967e+02 2.817324467676873923e+01
2.690954229635794945e+02 1.247965871286108239e+02 2.770529883214252109e+01
2.686729603590179067e+02 1.266842934797466995e+02 2.780137094277639775e+01
2.705344953908047501e+02 1.288201636134222952e+02 2.770200208627847616e+01
2.687378438198601316e+02 1.291874193490795619e+02 2.769848486196011450e+01
4.900776668600799439e+02 1.437586526135582687e+02 2.879296378460583838e+01
4.901118569067050430e+02 1.449567880594149472e+02 2.884104823941937568e+01
2.503292849014870285e+02 1.509408530071193866e+02 2.763697253151711308e+01
2.483389557310282783e+02 1.509048492562012314e+02 2.763370323152406627e+01
2.503091569825049874e+02 1.524395681339779571e+02 2.763481676119505082e+01
3.981112019631665362e+02 2.588327902082174319e+02 2.872522248134069756e+01
1.792892508742997393e+02 4.028955714973307067e+02 3.014517792315202982e+01
3.958735317941984704e+02 2.589856469517314963e+02 2.838977419180386619e+01
3.981723971843050549e+02 2.610143816116215021e+02 2.872223541652347834e+01
3.980948113121859251e+02 2.639713669715556534e+02 2.875616882322518109e+01
3.957896917012283211e+02 2.638905690527437287e+02 2.892729311071355625e+01
2.368977197570528119e+02 3.427659090709086627e+02 3.629339451770429292e+01
2.753853843045351368e+02 2.776697340109021184e+02 2.812088151217065146e+01
2.731864969452375362e+02 2.777534280462853076e+02 2.815853145772268462e+01
2.778011292639785097e+02 2.801630035696466052e+02 2.832856806359555435e+01
2.754853623353440071e+02 2.797821627061753134e+02 2.849099268244229677e+01
2.724596127416918989e+02 2.827255873335152501e+02 2.848177719180860734e+01
2.704692835712331771e+02 2.826895835825970948e+02 2.847850789181556053e+01
2.774085984425294100e+02 2.848138835466220371e+02 2.848707608136180980e+01
2.754115599657433222e+02 2.852774515046567672e+02 2.848308819126140889e+01
1.191356614304936734e+01 3.227163598976403591e+02 2.814753004141205395e+01
1.908283892955521139e+02 3.628366873495808136e+02 2.837423158721377447e+01
3.451378391863113393e+02 4.299506670071802432e+02 2.839454763020064121e+01
1.931121743977299445e+02 3.653672813254409562e+02 2.836498710764745113e+01
1.851805088864960567e+02 3.359909666661079655e+02 3.174148563543333523e+01
1.907241178751195889e+02 3.651954825254102843e+02 2.822864740405486472e+01
1.164219567371689266e+02 2.725585875688660735e+02 3.818081998994631476e+01
1.906465168179939838e+02 3.681524676106576521e+02 2.826258078581378896e+01
3.841540897502420648e+02 2.230979357900587559e+02 1.980208551225275571e+01
3.866151639880060884e+02 2.251412273145178631e+02 1.980329777681465231e+01
3.865749081500421198e+02 2.281386575682350042e+02 1.979898623617053133e+01
3.816007625504770431e+02 2.279237552637014232e+02 1.979099263371475459e+01
2.888595755522256923e+02 1.541994383871573575e+02 1.775168546277119574e+01
2.949943575930464021e+02 1.718496391611631111e+02 3.720809240212816604e+01
2.068442788263303953e+02 4.225566996465106513e+02 2.519083040593080369e+01
2.683928442069557150e+02 4.404155630548062845e+02 3.222968245232743811e+01
3.475956986116400458e+02 2.308602221551437594e+02 1.997873081272073392e+01
3.861435928416656225e+02 2.307077732229548985e+02 1.755701521001506649e+01
5.005716374224654146e+02 4.299545414030563961e+02 4.295926660449804757e+01
3.476456478207652481e+02 2.333909847932637831e+02 1.976485677429334231e+01
4.239316080783130474e+02 1.787986961658869802e+02 7.002736524969028764e+00
2.820319968032208635e+02 2.502328124269964462e+02 1.959330148862321153e+01
2.000889428446629097e+02 3.510907781707858817e+02 1.732479791287299520e+01
2.999375980579590077e+02 1.700130687583178144e+02 3.664317752485118262e+01
2.947080329538557635e+02 4.002654330748423490e+02 2.238548515495113023e+01
9.379103107987035060e+00 3.230889119013399409e+02 2.798574957730348345e+01
2.947482887918197321e+02 3.972680028211252079e+02 2.238979669559525121e+01
1.885179207765241642e+02 3.628982380805336447e+02 2.847684366169800185e+01
2.726435974601805583e+02 2.799875771600146095e+02 2.828706141440885347e+01
1.164411504522373519e+02 3.705382096648739321e+02 1.937620792347321697e+01
2.890158241707993056e+02 1.515891812324761361e+02 1.987434813147356039e+01
2.750609938451341350e+02 2.828887921996578712e+02 3.942533007139033430e+01
2.668003012091036226e+02 2.795659319327616004e+02 1.979758251040802008e+01
3.815940987161669682e+02 2.299775947483041705e+02 2.177706314297627799e+01
3.814925919116039950e+02 1.532742045935256385e+02 2.349199869478854552e+01
2.435337118394598406e+02 4.564162227671124015e+02 3.614353496152467926e+01
2.620595541539030364e+02 4.672844240855060889e+02 3.218107068655121594e+01
2.754451064973800385e+02 2.827795929598924545e+02 2.848668114179817579e+01
1.178659633436277261e+02 3.722038592827662455e+02 1.864947905580658727e+01
2.070898480185088602e+02 3.988199485913376066e+02 1.826338692082154580e+01
3.276343947458373123e+02 2.140874158973623196e+02 1.952165816863279701e+01
3.758939767117484507e+02 2.089222418587531820e+02 2.080287376889709350e+01
2.058458922869721448e+02 3.987974462470137382e+02 1.826134360832589465e+01
3.785201928223780214e+02 1.863169905301797940e+02 2.083926406102740003e+01
1.827789868824922905e+02 3.380938847820132764e+02 3.322624405931606617e+01
3.165414113805852594e+02 1.196074588008241619e+02 1.784684702640909748e+01
3.497110694047271409e+02 2.314344917086486646e+02 2.072731772404923944e+01
2.861792503267826078e+02 1.568350191601723509e+02 1.774348212097637401e+01
3.563477878357898589e+02 2.043425991798343659e+02 1.779326666672118051e+01
3.191099820519932564e+02 2.099984322110676942e+02 1.772313758283920038e+01
4.649354828775637998e+02 4.398843598628142217e+02 1.134241676984235525e+01
2.837731423916370659e+02 1.565457060482852967e+02 2.047473898796546621e+01
1.993569216915768152e+02 3.796195897000878290e+02 3.458739318857803369e+01
3.816107810379508010e+02 2.256201299246222618e+02 1.780528141950690468e+01
2.320677210004514563e+02 2.429027169638753776e+02 1.753134031573430818e+01
2.742887477190752179e+02 1.464716976987728287e+02 7.572372468006991930e+00
1.858542731062659641e+02 4.387307216259741267e+02 3.756409892496490954e+01
4.480288500178991171e+02 4.567037277044707366e+02 2.671440180854977697e+00
2.665347969928768634e+02 1.291274333328482840e+02 2.636890077876170579e+01
4.249267726635423514e+02 1.788166980413460578e+02 7.004371174965551283e+00
1.541031790448457457e+02 3.775987054697115468e+02 1.654755269297052678e+01
2.070868785929777118e+02 3.978728103822670619e+02 1.677298071312292294e+01
2.888018934859130695e+02 2.338538596477139606e+02 5.704858654483882852e+00
3.751131526897092954e+02 2.088593023964481290e+02 2.219395285151114905e+01
2.220266434741530475e+02 3.164897725538248210e+02 8.459935392504650764e+00
3.785764227380504963e+02 1.861911458815841343e+02 2.208265473578452642e+01
2.159710500222279279e+02 9.157445332280506278e+00 1.622898067022970992e+01
1.651918852884442117e+02 1.510831780717210648e+01 1.699646507320666800e+01
2.753902314694029201e+02 4.452252620195373538e+02 4.118499942870955977e+01
2.709848783225642137e+02 2.236597371976755539e+02 2.208838851562425987e+00
2.061985758521945513e+02 1.814230553417609926e+01 1.581745790681904218e+01
2.052034112669651620e+02 1.812430365871702520e+01 1.581582325682252055e+01
1.674019162745413496e+02 1.712009284019817201e+01 1.674867943828621719e+01
1.458342814245372097e+02 4.262525721172692101e+02 2.210436087279633366e+00
2.750948738038161991e+02 1.246312171625752114e+02 2.331134917831825604e+01
1.654079526766997503e+02 1.729240071241948584e+01 1.666554958506837991e+01
4.004919921787023895e+02 2.637692526659535019e+02 2.908383824062075362e+01
2.704771762908735582e+02 9.450672879123043657e+00 1.195901559930629610e+01
1.653743167543176469e+02 1.952543820698123511e+01 1.631567860549308335e+01
1.618056309177231640e+02 2.954131703891251846e+02 3.387979585711494934e+01
3.343157049833766603e+00 3.319172798370412920e+02 2.531119345411382326e+01
1.633851241414174922e+02 1.934917665563560263e+01 1.624157472584358075e+01
3.191498033194754953e+02 1.221725554337955231e+02 1.703388831682928739e+01
3.057924173440669620e+02 3.059775389382950266e+02 9.609054413397959848e+00
1.335347890197449772e+02 3.309022798441077384e+02 3.613776272021296165e+01
5.061863048851021176e+02 3.728310236033013894e+02 3.073308160974104197e+01
3.189877185887903579e+02 1.248655285747963859e+02 1.705835412181140143e+01
1.862444776121147640e+02 4.030562547647676865e+02 2.916205821451880098e+01
2.721949343198207316e+02 1.432948870249252593e+02 1.475584150135007810e+01
1.546494141130026776e+02 4.405738608393298250e+02 6.845838721644522451e+00
3.321017484539279394e+02 2.100591058959184068e+02 2.271719932583844326e+01
1.879753334064587591e+02 3.652376249826095318e+02 2.831871563022424709e+01
3.777890987876630788e+02 2.039870527209682223e+02 2.262119628317427455e+01
3.036223193681973953e+02 1.671979470436815802e+02 4.829472570211674309e+00
1.186638069572389895e+02 3.702997152960221570e+02 1.636616870521211808e+01
1.128553975126910558e+02 3.860369437009185845e+02 1.549369542565198321e+00
1.880345577555944487e+02 3.678118497165599479e+02 2.822045586313041099e+01
2.309229057082950476e+02 2.130747623096325469e+02 1.259919245413628452e+01
1.983343758417894378e+02 5.967299585487565849e+01 1.995301046295244873e+01
1.742718794336830399e+02 2.483183702644127209e+02 1.842175120314926318e+01
2.626787880114519425e+01 4.389061476346487325e+02 6.965531677520704790e+00
1.749422987303005925e+02 4.082904732743267004e+02 2.284428771150878390e+00
1.178436364543795776e+02 3.703615880734603252e+02 1.417682325249600161e+01
3.200942212784322010e+02 2.100511042257502083e+02 1.673020997422683465e+01
5.052313961378367821e+02 3.698155914741251422e+02 3.073575850038864132e+01
3.245026469155219502e+02 4.240156891180449179e+02 2.737403288959250602e+01
2.750267260401424210e+02 5.000865798889715386e+00 1.296740109386571937e+01
2.680605739435367241e+02 4.874852670676193434e+00 1.295595854389005730e+01
2.721871370387266325e+02 1.449139042953977423e+02 1.607952888899804833e+01
3.307306608791503777e+02 2.027906731589352489e+02 2.504569305210532804e+01
2.710662877173543848e+02 3.193638606675565939e+02 3.737802720134792622e+01
2.721571717357207945e+02 1.453278439999601233e+02 1.375840488231177616e+01
3.816326317555319747e+02 2.255507896461753603e+02 1.979440593672468296e+01
3.142820698701291349e+02 1.239987571576452012e+02 1.684236492271595864e+01
4.982283407959516808e+02 4.296365410649826231e+02 4.058431839896395843e+01
3.564309140994915879e+02 2.015279743581686205e+02 2.210686957423444809e+01
2.294368681367783154e+02 2.125481877874910879e+02 1.259745906924885439e+01
3.567796117814248191e+02 2.038174682572972074e+02 1.999308706455225959e+01
5.061967540722256444e+02 3.708847419763251878e+02 2.924411258225712373e+01
1.186600282134618141e+02 3.702117801683526750e+02 2.187264671640296854e+01
1.621792994522043614e+02 2.481176085431538922e+02 1.270611854959466136e+01
2.527308683535099760e+02 2.323928766160929058e+02 8.346097014969140915e+00
2.060862513283530575e+02 3.978721435764197167e+02 1.627406493382195407e+01
3.815839438126414507e+02 2.276184167604336892e+02 1.780240705907749188e+01
3.759640925594777627e+02 1.558031624087713567e+02 2.523868515877607166e+01
2.355463340636229930e+02 3.959077636055631046e+02 1.344195709045585474e+01
1.641780309369740962e+02 2.952443476441317216e+02 3.342163952280679240e+01
3.958408768469845427e+02 2.632343815795712771e+02 3.070419229866677924e+01
4.665003486476608714e+02 4.399073569428611563e+02 1.030906218130747654e+01
2.729399026149212659e+02 5.049108073699167143e+00 1.336164912488833600e+01
2.370066642485731734e+02 3.321658056076252024e+02 4.890552325898427455e+01
1.901703678780220343e+02 3.701475285379858633e+02 2.921520643659195926e+01
2.680429392784188849e+02 5.409094518852498368e+00 1.196067769517381585e+01
1.850327157912574023e+02 3.408294908482828305e+02 3.332557808236900598e+01
3.474023768202646352e+02 2.360388615173957874e+02 2.003323125027043261e+01
5.033233896419588973e+02 4.300738469649810440e+02 4.074922368558041086e+01
2.589644610345756064e+02 1.290118486467125933e+02 1.624573763731624609e+01
1.812545470441096711e+02 4.033936327412746436e+02 2.835766105312583107e+01
3.254671281833409466e+02 2.507977745998033470e+02 1.170900078246590503e+01
2.339306311217476377e+02 3.397838134692611902e+02 3.430367759114106718e+01
3.244719635981115289e+02 2.507797727243442694e+02 1.170736613246938163e+01
2.719438501197522555e+02 2.645996149361632774e+02 3.644209825667563685e+00
1.622534268993966577e+02 2.483450387334679874e+02 1.144019959292876720e+01
2.155235097891870737e+02 3.575627619928915806e+02 1.037991701055304006e+01
3.182224723730826099e+02 1.270681949131986528e+02 1.684459198205793129e+01
1.307525220435341566e+02 2.962454363626638383e+02 1.131982220262327132e+01
1.208917129372798911e+02 3.692604346554263657e+02 1.865869454644027670e+01
2.671634081393749511e+02 2.206911645500053112e+02 1.364335917611531812e+01
4.643851799992644374e+02 2.413290191566605074e+02 2.289359705742937834e+01
2.369354011271294951e+02 3.946069787401453368e+02 1.135767651152855429e+01
2.369219825144748199e+02 3.956061221580510505e+02 1.135623933131384788e+01
4.668760341677964334e+02 2.414729432538015317e+02 2.307836561009150600e+01
2.359268179292454590e+02 3.955881202825920013e+02 1.135460468131732448e+01
2.701156956965979816e+02 3.769044278549809519e+02 2.038854953275853532e+01
4.347960833672631225e+02 1.234711047080882480e+02 2.301112407448535180e+01
2.753398332187947517e+02 5.225395679284351225e+00 1.147586307593440402e+01
4.008113407727901176e+02 2.610086592245262977e+02 2.882609569769009639e+01
2.702524910301780210e+02 7.456553109252707756e+00 1.171284073258435576e+01
4.505127250206010103e+02 4.628260211413449952e+02 5.736413626261923326e+01
2.113220035175428961e+02 7.241737314508608137e+00 1.584144013916343319e+01
1.189202650588711094e+02 3.682079524169907927e+02 1.915414355596638174e+01
3.863496422280613842e+02 2.282182652943044161e+02 1.741171024495106323e+01
4.621127158836264925e+02 2.388946521555586173e+02 2.289325319969323402e+01
3.007549585914798627e+02 1.259620395100998138e+02 1.085004923568015478e+01
3.396109788654268868e+02 2.278992968580688228e+02 2.317318160678397465e+00
1.014933997448766689e+01 3.228832076150889066e+02 2.997631565027900891e+01
2.863736306437076564e+02 1.521139300435431778e+02 1.758474296380893165e+01
2.314059208593287451e+02 2.131299900886386638e+02 1.127392708381885633e+01
2.737998581989297691e+02 1.453075867645538608e+02 1.376117390822558839e+01
2.530213441675330159e+02 1.535685573105764661e+02 2.330458552903937886e+01
2.757584517104567112e+02 7.360677416695601494e+00 1.118939656624055701e+01
1.897339397976184614e+02 3.632485340925866240e+02 2.624076259726997762e+01
2.734279646925668885e+02 1.433520595084725358e+02 1.376332255523684367e+01
3.007306146200346575e+02 1.269958530672289641e+02 9.854049796856559240e+00
2.800161666310581268e+02 1.245990464673781162e+02 2.474031179638496170e+01
2.230083894467277332e+02 3.175069178471895839e+02 8.460132862286467770e+00
2.156656427544211283e+02 9.154073938679024636e+00 1.485148340590154170e+01
2.763971531275160487e+02 1.482661746617909273e+02 1.052920879618923067e+01
1.597953220871638109e+02 2.472488854180794249e+02 1.292939353606549879e+01
1.884552331881964164e+02 3.627527931568620261e+02 3.021731118138241712e+01
3.773579044765847357e+02 2.066323242101554172e+02 2.036656048409759023e+01
2.840389448895962232e+02 1.562570829886443278e+02 2.171870976877938375e+01
3.275643706903816792e+02 2.139920061975871874e+02 2.220681355069081775e+01
2.730099042005662113e+02 7.249023819048069583e+00 1.335865080349553935e+01
2.721286117118123684e+02 1.458967559873598816e+02 1.176856177498664557e+01
2.882181788048335420e+02 1.991292034311918826e+02 2.839243987179355955e+01
2.526700619707880264e+02 2.343932971826708354e+02 9.621799181050292304e+00
1.335616262450543275e+02 3.289039930082963110e+02 3.614063708064237090e+01
2.728863767495603270e+02 2.655307763991758065e+02 1.557840289902715192e+01
1.255438126429649657e+02 3.288127865135674597e+02 1.702566057348352091e+00
2.576849836511044032e+02 4.481704637680671794e+02 3.352683050743593185e+01
1.738309464597803640e+02 4.301638059349475611e+02 1.915801596267455764e+01
2.704881016496641450e+02 9.416002739899598240e+00 1.295357785791518346e+01
3.304471102375086957e+02 2.112919488167990210e+02 2.470168321004746659e+01
2.746700527082177814e+02 1.467794771921947188e+02 2.158100441209264808e+00
3.019906298824513442e+02 3.070384559386175169e+02 2.805461586841082777e+01
2.749998888148330707e+02 6.999152634701144571e+00 1.296452673343630480e+01
2.168765459066481185e+02 3.572377812174533460e+02 1.016952813667400335e+01
3.864317212469416063e+02 2.307378307208410320e+02 2.001606495289530585e+01
3.750256234529341555e+02 2.039226097555730632e+02 2.271793505530133572e+01
3.449733569974790726e+02 2.357602146237939564e+02 1.987179384448999286e+01
1.142846715148343506e+01 3.232181827405385661e+02 2.583424688912731781e+01
2.703892103369017832e+02 4.409106899748312003e+02 3.339255706190814266e+01
2.621644098012764061e+02 4.602557500209426280e+02 3.318569320666305345e+01
2.840220806797434534e+02 1.543974767097266749e+02 1.774333509477324355e+01
2.569978349398713249e+02 2.341035923548120650e+02 1.062392396742487932e+01
2.739041938978862163e+02 4.446986874973958948e+02 4.118326604382212963e+01
2.388721370609927135e+02 3.447655295184148372e+02 3.728835171587681430e+01
2.635900636158471571e+02 4.652784699236598271e+02 3.318095928058430388e+01
3.811377843991643886e+02 1.556711086085029194e+02 2.557535803778885253e+01
2.879625120682252373e+02 2.011435296074618009e+02 2.613692274784192904e+01
2.627077465577684734e+01 4.409296507474310260e+02 9.821844163065007294e+00
2.503328469619617920e+02 1.536966532707853901e+02 2.288662242742885411e+01
2.311728665620846641e+02 4.515374844619226451e+02 9.278459472089872762e+00
2.502797051694221011e+02 1.512576192840208478e+02 2.332696257454061239e+01
2.720606026408264597e+02 1.483126673743528841e+02 8.383744481987825736e+00
3.835621009973775699e+02 2.281713272899164053e+02 1.730767663965874092e+01
1.252657965901863832e+02 3.575617864277722333e+02 4.105869294748813303e+01
3.271072808569497283e+02 2.118343164854752558e+02 1.700458256584657946e+01
2.397170452080538041e+02 2.092942542382844806e+02 3.947057950219083722e+01
1.987666940815402938e+02 5.775667321723877023e+01 2.221318282921288301e+01
2.856457093679935042e+02 1.747283800717701467e+02 8.766800462992158316e+00
2.445633560632053047e+02 3.371017890989426746e+02 4.569924278360485204e+00
2.765491028681904027e+02 1.460601853725100341e+02 1.069080116884139642e+01
5.005493610107674840e+02 4.273192734637070203e+02 4.304845955576263350e+01
1.846993146320671997e+02 3.359299605195432719e+02 3.323251169834840368e+01
3.541124603812165788e+02 2.085674547397122751e+02 1.964823325928815123e+01
3.959114261499578333e+02 2.610432176702854576e+02 2.672943293681352372e+01
9.007747784448813633e+00 3.166339448772056926e+02 8.104371572389887035e+00
3.221086935929638457e+02 4.190245687725818016e+02 2.526380499940996316e+01
4.993756439684173074e+02 3.439930227097851798e+02 8.883666186703687018e+00
2.859724125597269904e+02 1.989641280395191529e+02 2.867817575690145659e+01
2.546680901195832973e+02 2.342454521248053823e+02 1.012258912576381320e+01
1.833235836658359119e+02 3.989710053275441055e+02 3.015746524399694906e+01
2.864861532285669909e+02 2.010645215854380297e+02 2.762631416076047941e+01
2.322107802391422524e+02 4.475935828049823613e+02 8.291280584336334414e+00
3.799258162494205635e+02 2.059621489676488579e+02 2.180828616813619547e+01
2.720922544068098432e+02 1.480846852452321230e+02 1.110240605530948343e+01
3.835894143943539802e+02 2.280846519418577998e+02 1.979408228618095933e+01
2.724271769984919729e+02 4.364909968850196833e+02 3.224196977317235735e+01
2.321436871758688483e+02 4.525892998945109298e+02 8.284094683262800629e+00
1.987393806845639119e+02 5.784334856529739000e+01 1.972677718269066105e+01
4.042929487460229439e+02 1.599025002166145839e+02 8.488474746923976966e+00
2.135206299105113885e+02 9.323866044132264719e+00 1.459904091796508574e+01
1.161053943817717311e+02 3.726131602423413369e+02 1.921970986076953380e+01
3.836779240106872066e+02 2.253991908962161972e+02 1.750304498049276347e+01
2.708977684471757357e+02 1.516445975061525644e+02 2.281417677357464591e+00
3.163940664259079085e+02 1.222202462103163754e+02 1.708519016284158454e+01
2.681899178017370104e+02 1.513299142158893176e+02 4.745476285148600759e+00
2.726385843540526821e+02 2.239029709949468554e+02 4.271278353214270851e+00
2.152380620490510807e+02 1.134498862719121348e+01 1.484766775968181030e+01
2.706490558407238041e+02 1.293202820098007919e+02 2.571249514585172946e+01
2.112951662922335174e+02 9.240024150320039098e+00 1.583856577873402038e+01
2.284838447673271844e+02 4.641573843672716180e+02 3.692646183304184149e+01
2.684238974847282861e+02 4.388821777887242206e+02 3.322640048125838774e+01
1.455576620402324295e+02 4.274527868328102045e+02 4.481406270167990868e+00
2.791386002457165887e+02 4.345556735185491561e+02 5.404542881352149664e+00
3.863198838690744878e+02 2.305453402960759206e+02 2.228139026965685332e+01
2.425048767171315092e+02 3.369796561049907950e+02 4.708102711015743402e+00
3.985672470283514031e+02 5.101709416651672200e+02 5.496702785150490378e+00
3.835422821648223817e+02 4.578861100811993197e+02 3.126047204242234656e+01
1.283241832751301104e+02 3.210351477426701763e+02 1.335719401281022733e+00
2.793370107373262954e+02 1.484777321371400376e+02 2.453542136296421372e+00
3.777989959357598764e+02 2.041291026958572274e+02 2.005512752630124140e+01
3.762636985262414555e+02 1.557406541963504196e+02 2.361365718522914037e+01
2.779038881324495378e+02 2.827673199500442820e+02 2.843230146818684290e+01
2.522319169180233303e+02 1.555596774866718874e+02 2.514736887402175469e+01
1.451854004502346243e+02 4.261943439258582771e+02 3.535429244738836019e+00
2.769670971978122225e+02 1.488139902320423005e+02 2.324800617648052903e+00
2.730153893601913069e+02 5.127182670798581476e+00 1.117377582062324137e+01
2.416223808267479569e+02 1.700652364331711794e+02 4.970607451721507530e+00
1.736293034938220785e+02 4.327168149983341436e+02 3.242145464502927066e+00
2.420127602154976216e+02 3.325710852912713449e+02 4.825030269436422969e+01
2.725048427451496309e+02 2.798712789192713899e+02 2.550240954976342422e+01
3.568997062928233390e+02 2.035599751953270697e+02 2.263805429224160193e+01
1.594584196872845894e+02 2.454954083080235421e+02 1.336226232125754620e+01
4.249088204815275276e+02 1.780765373156820317e+02 4.353402715836854675e+00
2.769562403525695800e+02 1.486895216801760284e+02 4.772946389601476547e+00
2.752945675318065923e+02 2.850556179571501048e+02 2.568053941210671454e+01
9.271348526927017275e+00 3.249358331721873583e+02 2.798295456482102139e+01
1.726261829753332790e+02 4.336806214711691041e+02 3.736354763596141382e+00
3.376265885460304617e+02 2.297575695252917853e+02 5.294861276082603041e+00
3.640612552769016474e+02 2.083595179610098000e+02 3.072888055502770399e+01
3.810043328902709163e+02 1.886711787757975856e+02 2.221706712751855406e+01
2.369644373227049812e+02 3.959496782404984287e+02 1.583105090494649225e+01
1.627221986506467033e+02 1.748814154651698871e+01 1.635785392338253885e+01
2.158630291093151925e+02 6.940403333868543356e+00 1.457080598695524287e+01
2.137453151712070110e+02 1.131798581400260062e+01 1.484521578468702607e+01
2.745397513797538522e+02 1.504899112654184705e+02 1.027433770109843891e+01
2.787439666178297557e+02 4.201966717806013776e+02 4.420951965989346633e+01
2.729155434555029842e+02 2.237544737125867869e+02 2.182675574442839217e+00
2.749547699607637696e+02 2.244036237485147751e+02 2.048658987181042335e+00
3.366259612814058073e+02 2.297569027194444402e+02 4.795945496781635953e+00
3.764858956788897331e+02 1.536064449910066969e+02 2.545686593140573706e+01
2.331378994177641459e+02 4.487840787944643353e+02 3.318666761073709282e+00
2.609780885992463482e+02 2.151756674422741185e+02 5.287093181857042801e+00
1.188929516618947133e+02 3.682946277650494267e+02 1.666773790944415978e+01
1.348205829987363700e+02 3.342452138076666301e+02 3.646667111811027695e+01
1.187139374870512398e+02 3.700244500993740076e+02 1.906081769027109019e+01
2.935921008547342126e+02 4.092397219605347232e+02 2.237091588302224920e+01
3.541118739044702579e+02 4.834524686824071864e+02 3.471385703671552303e+00
1.805293383134546730e+02 3.004345112629468417e+02 1.736389812335128013e+01
3.320765734730580334e+02 2.114144054419927841e+02 2.205224221944843777e+01
1.254749964794689276e+02 3.259665914711131904e+02 1.721781354960011390e+00
3.750253013837543676e+02 2.066722914635989525e+02 2.001948220380956300e+01
3.057789987314122300e+02 3.069766823562007403e+02 9.607617233183253447e+00
2.418465899157765477e+02 1.701477447152886953e+02 2.733251032350639598e+00
3.447445867007744624e+01 4.902324996623125344e+02 9.395737848860332697e-01
1.277268708279504636e+02 3.596050779522313405e+02 4.105990521205002608e+01
1.463457670834962130e+02 4.843191629280954658e+02 6.604293816008612872e+00
3.766274900716947514e+02 1.578099119190561908e+02 2.535170012358713976e+01
2.974918378297564914e+02 1.745087014301479940e+02 3.066576199962359439e+01
2.359402365419001342e+02 3.945889768646862876e+02 1.135604186153203088e+01
1.332115385920894823e+02 3.281018259756938278e+02 1.831113519065134643e+00
2.797640242281610199e+02 1.293338316934745080e+02 2.257844827267343035e+01
2.754123304210083916e+02 2.828836033775627925e+02 2.550299436597151015e+01
4.470311921788055542e+02 4.576501991076939362e+02 3.662930609252636138e+00
2.750228063537654180e+02 2.849741214882724876e+02 2.268164807386389725e+01
2.685524845007424801e+02 1.297270559595465045e+02 2.574985829195083653e+01
2.745056604684242529e+02 1.487447566589551116e+02 4.807029815415547525e+00
2.230193148055182633e+02 3.174722477079661189e+02 9.454695120895356908e+00
2.906187790847687893e+02 4.086688095555929294e+02 2.286401165244447498e+01
3.540190850142696490e+02 2.084667661026110466e+02 2.247187452788440964e+01
1.468160273971118954e+02 4.272697174106340299e+02 2.210633557061449483e+00
1.306438655580267039e+02 3.283749309399396452e+02 4.113781703159051339e+00
1.726097949371474556e+02 4.337326266800042731e+02 2.244511375682808563e+00
2.660014054682391134e+02 1.496324480895099214e+02 1.808101158167148004e+00
5.006378795553362124e+02 4.223861538682807577e+02 3.960410967650308578e+01
2.550126912205959684e+02 1.821925832300136108e+02 8.042132398742356969e+00
1.617676153559397392e+02 4.475509934202835893e+02 3.005271576354932961e+01
3.381539774894856691e+02 2.287154218362804272e+02 6.788959169208903965e+00
1.305306902673156628e+02 3.264853447157522055e+02 1.757894940015367391e+00
1.145148338445940226e+02 3.857454455255736434e+02 1.221052237370279236e+00
3.430035390408393141e+02 1.944635611175136773e+02 4.563085280202697191e+01
2.999107608326496575e+02 1.720113555941292418e+02 3.664030316442177337e+01
1.209190263342562872e+02 3.691737593073677886e+02 2.114510019296249510e+01
3.974491547531306423e+02 2.659749842298622298e+02 2.937700063882772028e+01
2.611654015146202710e+02 2.163643690304627398e+02 5.683520518231252261e+00
1.465961900843681462e+02 4.826445026940721164e+02 4.618093026665703427e+00
2.552872014855253724e+02 4.550646795247536716e+02 3.517056107497869988e+01
1.634515938912248600e+02 1.459457788577759629e+01 1.649704189651566111e+01
2.750523749323344873e+02 2.824863944841409307e+02 3.445341079345070767e+01
4.032998739142337854e+02 1.594952481206605341e+02 8.189046092961120848e+00
4.794658014026052797e+02 4.915768849407910466e+02 7.646977556380773144e+00
2.861121817858471559e+02 1.543388273451353712e+02 1.764745499128009598e+01
1.736049595223768449e+02 4.337506285554633223e+02 2.246146025679331526e+00
3.941982084905889678e+02 1.668725010138693676e+02 3.986537821715799179e+00
5.004208958910998035e+02 4.244946161710944921e+02 4.269474593820509511e+01
1.878782268708266372e+02 2.939204224983637914e+02 7.440432198762503724e+00
2.412849301197437342e+02 4.592435483480477956e+02 3.414679013224562709e+01
2.160103534767955011e+02 6.812906322812267490e+00 1.624766610331405303e+01
2.799063439303899941e+02 1.461992188097056271e+02 2.416281045796247806e+00
2.743523177923453886e+02 4.491691636764776376e+02 4.217217831646309634e+01
2.742976189868559231e+02 1.505776817864421560e+02 7.645501503271853849e+00
2.795803670161235459e+02 1.459095748981744975e+02 4.570886383251425045e+00
2.684196814322650653e+02 4.384172762189948571e+02 3.223255681275685447e+01
3.241567786367153303e+02 2.513589756294100255e+02 1.402650805898025155e+01
1.458208628118825061e+02 4.272517155351749807e+02 2.208998907064926520e+00
1.564882171924187446e+02 3.000229466313279545e+02 2.406951234408754026e+00
2.740362987470199414e+02 1.484274952267241190e+02 1.073541575414311744e+01
2.776770657051220041e+02 2.826189656048488814e+02 2.282201004728853633e+01
3.540490437795928074e+02 2.064585734843952025e+02 2.275891034662077672e+01
1.302809659139521727e+02 3.235690100383525873e+02 1.335395750737301768e+00
3.191288150061711804e+02 1.196542632375188475e+02 1.785109707649160882e+01
2.466331697993304886e+02 3.364577862286865297e+02 7.478214369622057767e+00
1.165696804103018422e+02 3.706580955555382957e+02 1.646161577520759067e+01
2.428963812949587009e+02 1.699923958946305333e+02 7.707696975391605143e+00
2.710392685242874222e+02 1.268334377627652572e+02 2.584097936057790434e+01
2.591289814757658405e+02 4.627516081481649053e+02 3.168535291822337996e+01
1.282625528912519997e+02 3.260135297625870408e+02 1.825814629511932852e+00
3.143685203971194824e+02 1.198981730683519942e+02 1.983180041940145344e+01
2.133081166355383971e+02 6.812839495697346592e+00 1.485086577065494495e+01
3.298150223062693840e+02 2.095718215034646050e+02 1.761728802560990559e+01
3.165002109701653126e+02 1.191096371139659880e+02 1.987971175743233943e+01
3.263261356094001258e+02 4.216501541694355524e+02 2.738042446337546920e+01
1.555469667169339800e+02 3.895786724712090177e+02 2.714094289019999806e+01
2.686087766936540220e+02 1.536539131544611223e+02 2.469752953556101360e+00
3.515362631191945866e+02 2.062533474896409871e+02 2.018589654961786195e+01
2.909593582541982641e+02 4.094438780986520214e+02 2.468672366071510993e+01
1.295566239326916502e+02 3.298657990635891792e+02 3.513809904183268884e+01
3.446104005742276399e+01 4.912316430802182481e+02 9.381366046713264240e-01
1.260150914135940070e+02 3.281517579546451202e+02 3.808027528754442503e+00
2.754011568281935070e+02 4.451905918803138889e+02 4.217956168731844713e+01
2.331816008529263797e+02 4.486453982375705323e+02 7.296915795509263170e+00
4.983973654698389737e+02 4.249806160952623486e+02 4.282880680889935121e+01
2.877897222617848456e+02 1.989847266762801041e+02 3.061491860951221256e+01
7.104232917118519453e+00 3.249314992421935244e+02 2.698485056403335847e+01
2.529872112907383723e+02 2.344455245740701628e+02 8.296260886508274979e+00
1.663262263843425899e+02 4.084830569276797974e+02 3.508811568495342925e+01
2.701022770839433633e+02 3.779035712728866656e+02 2.038711235254382714e+01
1.617561544301519803e+02 2.926968352707878012e+02 3.424995114747213876e+01
4.356181758955668784e+02 4.952809478011674855e+02 7.568585645567576847e+00
2.735573216084994783e+02 2.828964595256927055e+02 3.842831583778666271e+01
3.985714630808146239e+02 5.106358432348966403e+02 6.490546453652025427e+00
3.270003220769793870e+02 2.541527965986905997e+02 3.557468628083195483e+01
4.211665492800536867e+02 2.616744834887824140e+02 7.543767514773855432e+00
3.836930790564271092e+02 2.308358257487118408e+02 1.738699739735694294e+01
5.009022607596764374e+02 4.272818501309267845e+02 3.549532674747025851e+01
4.180055397435025952e+02 1.343931525747159128e+02 2.083254526501639781e+00
3.406087953605929215e+02 2.275900343646251258e+02 2.153671526522151769e+00
1.280211032696844313e+02 3.284749794127350242e+02 3.849166002290084432e+00
3.193193998504189040e+02 1.190254401788493652e+02 1.987954526064588734e+01
3.885954291989738749e+02 2.259265886288652894e+02 1.980548919164666799e+01
2.703024256000004470e+02 4.906689355653249152e+00 1.320827707103445547e+01
3.212524380191979390e+02 1.245896718555881364e+02 1.784765114119315754e+01
1.262105933369151387e+02 3.309559080315857500e+02 2.312640557749796599e+00
2.780858054307810789e+02 2.827233883966852659e+02 2.545533950287770253e+01
2.735264351405339767e+02 1.481125475750298222e+02 1.342524793754775025e+01
2.951070886071039467e+02 3.273716593565370658e+02 3.044532855476868605e+01
4.346230113103374606e+02 4.952629459257083795e+02 7.566950995571054328e+00
2.920587438573011241e+02 3.998843702869617118e+02 2.238160517961357954e+01
2.388471838255225634e+02 3.447251450555337442e+02 3.486428585804448232e+01
3.265289701525146029e+02 4.237136142177527631e+02 2.563747481287963126e+01
2.885271585385848994e+02 1.524801983134810826e+02 1.775356538018701258e+01
1.277033402147591943e+02 3.309829108447743806e+02 2.315092532744581710e+00
2.731753754112739898e+02 2.806584045513212686e+02 3.080638720468691005e+01
2.564134126051845328e+02 3.673134094451679630e+02 3.032422164082845839e+01
1.167592500146499930e+02 3.707350886000376136e+02 2.196469638422908233e+01
3.451512577989659576e+02 4.289515235892745295e+02 2.839598481041534939e+01
2.889612506586762493e+02 1.514566828996052266e+02 2.223096607036357497e+01
3.813144516093803986e+02 1.531044412269987163e+02 2.557928717715363476e+01
2.359566245800859861e+02 3.945369716558511186e+02 1.284788524944536370e+01
3.941629391603531758e+02 1.679409847102219828e+02 1.995976124283315389e+00
2.947209753948434354e+02 3.973546781691838419e+02 1.990339104907303280e+01
1.282222970532879458e+02 3.290109600163041819e+02 1.821503088867812536e+00
5.011298890690039798e+02 4.326099013777118785e+02 4.783130653256147724e+00
2.753912501586921735e+02 2.805590955289157478e+02 2.053377602346383668e+01
2.968152430337909209e+02 1.746978994870804343e+02 2.966987045363321585e+01
2.418877980970746364e+02 1.709735374370771694e+02 7.704625145180375334e+00
2.841047913259376401e+02 1.517436025384568836e+02 2.222245820905001068e+01
2.679703600927838352e+02 1.516494036066277715e+02 2.305777227035224808e+00
2.220375688329435775e+02 3.164551024146013560e+02 9.454497651113539902e+00
1.544815694763142062e+02 3.167785499092908594e+02 2.226977645283610840e+01
2.949611333249584959e+02 3.978017552865505309e+02 2.437838584586588198e+01
9.810872978174105086e+00 3.234597946761903131e+02 2.557074241865715436e+01
2.610583105076245758e+01 4.406064961983020112e+02 7.246994916759771144e+00
2.706124433199701116e+02 1.494183548038865297e+02 4.600682266465745407e+00
2.741793897683693331e+02 1.488313494155241301e+02 2.286975763388993332e+00
3.381405588768309372e+02 2.297145652541861409e+02 6.787521988994197564e+00
1.257104124881839482e+02 3.260670875081081590e+02 3.727596672155496726e+00
2.726220907202946364e+02 2.849352000031162788e+02 2.571643262277476438e+01
3.568302161185378054e+02 2.065670088181461779e+02 1.986638888029629513e+01
3.540162677032211604e+02 2.065625839020655405e+02 1.977522357079411108e+01
2.333943453022506844e+02 2.437246636667169355e+02 1.852688445648858817e+01
2.704482033089170727e+02 2.803650757339500501e+02 2.350928954930788706e+01
2.974099604554684220e+02 4.002207826420508923e+02 2.234269903419808045e+01
3.861879502862873323e+02 2.255135140424871167e+02 1.751472033233315884e+01
1.260563557926565892e+02 3.237162853177104012e+02 2.074010887155068428e+00
3.564242653473237397e+02 2.040999082052702249e+02 2.475520247698339915e+01
1.597868899822373692e+02 2.463190822786205842e+02 1.094170619906242869e+01
2.443280257006587703e+02 3.347678881477589243e+02 6.979514351044744380e+00
2.733942116819061994e+02 2.810226634869504210e+02 2.052978813336343578e+01
2.133633538062788375e+02 9.050829234732496786e+00 1.619746020341348469e+01
1.280538332261888854e+02 3.574935018216821163e+02 4.241311290780014076e+01
2.711181071830563951e+02 1.267131538061134393e+02 2.792695724713280825e+01
2.610266761664837531e+02 1.865197461124555502e+02 1.747569565238641820e+00
2.428581425391917321e+02 1.701137413819126039e+02 4.226729070260494936e+00
1.281956910721391409e+02 3.260239314000588706e+02 4.085904111706845754e+00
3.951715223582372118e+02 1.669598431677753467e+02 1.999047954494545420e+00
1.279433977511599778e+02 3.234439140034816091e+02 3.693598821191669490e+00
4.239219293464544762e+02 1.783511296657692924e+02 5.511611727163049146e+00
1.790156818655635504e+02 3.985599393223360494e+02 3.015086084368426356e+01
2.860284430506303579e+02 1.566145727285076532e+02 2.205302140120602417e+01
2.260052043350153781e+02 4.588095007658093323e+02 3.196717659385093313e+01
2.308804563426270136e+02 3.976350782980018721e+02 7.365308036469741637e+00
2.706940749234609029e+02 2.258615872888628360e+02 4.407331729794609743e+00
2.754252630580042904e+01 4.414044272489979903e+02 9.663464012654577218e+00
2.749444915656151807e+02 9.566351457912325884e+00 1.097180926568176140e+01
1.790186090104112679e+02 4.029604113069128744e+02 2.815564474343512202e+01
2.311688772781690773e+02 4.530806477928761637e+02 1.086745996814410553e+01
3.951933730758183856e+02 1.668905028893284452e+02 3.988172471712322142e+00
5.033457383360081394e+02 4.251730184415528129e+02 3.562670096477348380e+01
2.710171782272689143e+02 2.216441152922523941e+02 2.708994341296283803e+00
1.902046848649237916e+02 3.652558218661276328e+02 2.623870556183882741e+01
3.540078355982947187e+02 2.056327807626067283e+02 1.778753623379104098e+01
2.611021521527736695e+02 4.652334652350121473e+02 3.317687265559299448e+01
2.913282002978243099e+02 1.521656240954493740e+02 2.003181564162308348e+01
2.031569734143820938e+02 5.748000986682475855e+01 2.016087352152430867e+01
3.799459441684026615e+02 2.044634338407902874e+02 2.181044193845825774e+01
2.549992726079412932e+02 1.831917266479193245e+02 8.040695218527650567e+00
3.448861750886420623e+02 2.357096377274687882e+02 2.170771009845618238e+01
2.259779512874467855e+02 4.609685534977353996e+02 3.212982241825538665e+01
1.762571986534471762e+02 3.915105775013303742e+02 1.126083722217006056e+01
2.423344705592495814e+02 3.345826752358433396e+02 6.479203481022544509e+00
3.170486061236514388e+02 1.195437872610830823e+02 2.182576305037461140e+01
5.055613685493291314e+02 4.271517493597474413e+02 4.060006989440832115e+01
2.416089622140932534e+02 1.710643798510768931e+02 4.969170271506801129e+00
2.430928917593783751e+02 1.713585035883536420e+02 4.473981822143464626e+00
2.523196140719457787e+02 1.509768567580375418e+02 2.764024183151015990e+01
3.305007003315123484e+02 2.142020274504698989e+02 1.773618733694038951e+01
2.753324348371642145e+02 2.777181917797810797e+02 2.314824986665304607e+01
2.728219857112451336e+02 2.259372296370462436e+02 2.332990447148927338e+00
2.428362918216106152e+02 1.701830816603595053e+02 2.237604553042718436e+00
2.969776488510744912e+02 1.047615418678942234e+01 2.493020600591500013e+01
2.444209749961858904e+02 3.393229628472921604e+02 4.639981368797183592e+00
2.774728579187669766e+02 1.271212406019416221e+02 2.274350770363911067e+01
2.475729936876420538e+02 1.507143693007253660e+02 2.554425541660629051e+01
2.924448295299469009e+02 3.975915627311678122e+02 2.011236378108707257e+01
2.682750433243136285e+02 1.492445667023660008e+02 4.547304384595460824e+00
2.396399962933691654e+02 3.324381080490413183e+02 4.725203778954043798e+01
2.702567449280765004e+02 5.016591795852336055e+00 1.163342857182454182e+01
3.546891599470656047e+02 2.043125956878201634e+02 1.779054221680327075e+01
3.786612819575194635e+02 1.558474634402522554e+02 2.299594627130950997e+01
2.425916515297998899e+02 3.389703126196731091e+02 4.981677172576977064e+00
2.738586912041257619e+02 1.512092136565581200e+02 2.361427768686726214e+00
2.763682834720599431e+02 1.507217345141428098e+02 4.608438604619633061e+00
1.252322500585496812e+02 3.600596449725365460e+02 4.105509999695136969e+01
3.955716722050411818e+02 2.611338903927197634e+02 2.871772764279590717e+01
3.272568095901771130e+02 2.095225049976318417e+02 1.737576791795450859e+01
3.764166086512863103e+02 1.536197246677331520e+02 2.361691552443495823e+01
2.768476887425657651e+02 1.484415151424776980e+02 7.704442470748154470e+00
1.602574763973773315e+02 2.476891611299830629e+02 1.011180572507304554e+01
5.003640992473193592e+02 3.445105962941971143e+02 8.884582246592856336e+00
3.222172452627002031e+02 4.214195958071032351e+02 2.549540559205168933e+01
2.170469276646693686e+02 3.553060171341348905e+02 1.038565395636450894e+01
2.709635037766502137e+02 2.256406889638752489e+02 2.703245620437456420e+00
2.744657178076071204e+02 1.465350539830945422e+02 4.952162777617687972e+00
2.772039816729029553e+02 1.462032396214129619e+02 4.815129983220739263e+00
2.422660987401135344e+02 3.367797094096853243e+02 6.724602139350087882e+00
2.776103375673467326e+02 1.293665350871868895e+02 2.290630621730274541e+01
4.979831998550282606e+02 4.246714177605683176e+02 4.023576280183651477e+01
1.053801824537057854e+02 3.294053745329222238e+02 7.252561381081961578e+00
2.687815902378767987e+02 1.248397249674097793e+02 2.631242167444073488e+01
1.738415545142402436e+02 4.288547179513671495e+02 1.849689134416697911e+01
2.958391364182085681e+02 3.280923562508078248e+02 2.927021722063962983e+01
3.191465224553272719e+02 1.216068482793592835e+02 2.202524124518180315e+01
2.233689228922999916e+02 3.161460468538701321e+02 9.457156250819300780e+00
1.421751101056644870e+02 4.544886569575709814e+02 2.155700062893863134e+01
2.971209564883171197e+02 4.000394563074664802e+02 2.437882027577009936e+01
2.900236132722361617e+02 2.351426263340316893e+02 5.207824362406708651e+00
1.071247882384355137e+02 3.307338386581861300e+02 4.469004608460322103e+00
1.813693072974335792e+02 4.009768194460772293e+02 3.061936292185354347e+01
1.287103627319876686e+01 4.349730114426948262e+02 1.530250943382184303e+01
4.005799529461016846e+02 2.611880866045576681e+02 3.071499563016915246e+01
2.702015074193665214e+02 7.314853345658473671e+00 1.313689209324170726e+01
1.194396980690669068e+02 3.681476130762734442e+02 2.114408539818241906e+01
2.283908232550228377e+02 4.615819901148595932e+02 3.203352908425677015e+01
2.775169852945923594e+02 1.243028338859022170e+02 2.334426954718693992e+01
2.909756938253660792e+02 1.568590217184754465e+02 1.954153972771067416e+01
1.068456159345734591e+02 3.295190526941694316e+02 4.768607709554524732e+00
2.727594874694539158e+02 9.512879069689136102e+00 1.136603753978334908e+01
4.490374332157831532e+02 4.557225861620241290e+02 2.674512011066207506e+00
2.859953324350299226e+02 1.734021947380796576e+02 8.769261595929251030e+00
1.726232135498021307e+02 4.327334832620985594e+02 2.245948555897515408e+00
3.786178192421534732e+02 1.578459156699743460e+02 2.535496942358018657e+01
2.236533113208851660e+02 3.163022849376266663e+02 5.147931205393397214e+00
2.902837150049666661e+02 2.339155326001260562e+02 4.712748370869778824e+00
1.063673911056757646e+02 3.304051847566752826e+02 7.750039980168222264e+00
2.426739789398334608e+02 2.099171718520614149e+02 3.748564034485527685e+01
1.957616601377072243e+02 4.910118360939774789e+02 5.185510479187739108e+00
2.755648092724090930e+02 2.804866099406817170e+02 3.694333470040314182e+01
3.787310563309396230e+02 1.530654942658622133e+02 2.572356162064164664e+01
1.594051977996022629e+02 2.928474209649587010e+02 3.399719229904734874e+01
2.263204001608609701e+02 3.403241758751559018e+02 5.449863741181045995e+00
3.448420528586333376e+02 2.334352421896118699e+02 2.171085705596882320e+01
1.263288675969431409e+02 3.229280905491165754e+02 3.318700258076340059e+00
2.706626957803566711e+02 3.993889668734940415e+02 6.434694597507069069e+00
2.549087503259952427e+02 2.327526633736099200e+02 1.006985488974717136e+01
1.565177873307181358e+02 3.906304879037971887e+02 2.614657810137292770e+01
2.791945197613725895e+02 1.479676014462748128e+02 4.815952262674540130e+00
3.814250986269396435e+02 1.558878989930235264e+02 2.305700485516336684e+01
2.595776307238019172e+02 1.863540627423731166e+02 5.723366624679410819e+00
1.674303822917442517e+02 1.538994034662559685e+01 1.724842430529739090e+01
9.407118641708276385e+00 3.152978231531927236e+02 6.515737956368290895e+00
2.426080395679857418e+02 3.389183074108379401e+02 6.473520560490309883e+00
2.032196183396131062e+02 6.223956838857749574e+01 2.017002402650026127e+01
2.884522704188766511e+02 2.351800449814044498e+02 5.702397521546789250e+00
3.836663065407972226e+02 2.306380943061799087e+02 1.984584437121892364e+01
1.266905581284571838e+02 4.457893944239907569e+02 5.134320908878224010e+00
1.471034511088413410e+02 4.831010701319193572e+02 6.110035149469944749e+00
2.704380682544491492e+02 2.827886411421292223e+02 2.563690089665389138e+01
1.302731414277966451e+02 3.261765671045984050e+02 3.917377124148151424e+00
4.746840495816768453e+02 1.758935688387941525e+02 2.119041102606090465e+00
2.745409392500753043e+01 4.412556424776801691e+02 7.074683116882578560e+00
2.952799055092214076e+02 3.260771282375257556e+02 2.945295497610339552e+01
4.486942627049029397e+02 4.573471440805535053e+02 3.666134083976310354e+00
1.556417681348276290e+02 4.402819181656461751e+02 6.184911098674522378e+00
1.929481877246664112e+02 3.679142908659869704e+02 3.021749763817437540e+01
2.888192049819044769e+02 1.939484622722027325e+02 3.772404020856117146e+00
2.706761143930112894e+02 3.983898234555883278e+02 6.436131777721776359e+00
3.836296702323179488e+02 2.250872216881406302e+02 1.979839382682508031e+01
3.186031971991870932e+02 2.114534762609732752e+02 1.871472674612776643e+01
2.707104666887352096e+02 1.513342004236363891e+02 4.797031972169021330e+00
1.161053059415928601e+02 3.722330287443539873e+02 1.690613446574711531e+01
2.690415260178800736e+02 1.495131030197699147e+02 6.785816401201159920e+00
3.540165089684594477e+02 2.036415931139313500e+02 1.985891963923131698e+01
2.553403261935775674e+02 4.502328592690896585e+02 3.405868478759039419e+01
2.465957924428630577e+02 3.372938191401744348e+02 4.990730837938806452e+00
3.520264147044293850e+02 2.084381916389002072e+02 2.225548555689387342e+01
2.782544257407963642e+02 2.800324673321109685e+02 2.537615951063198239e+01
1.736183781350315201e+02 4.327514851375576086e+02 2.247583205894038372e+00
3.241689659623608577e+02 4.192126117189898764e+02 2.738027743717233875e+01
2.414026445403536627e+02 1.696496854269912831e+02 7.208442923854068596e+00
2.729840426168964314e+02 7.402834176541603028e+00 1.109591425597107772e+01
1.739270011044584692e+02 2.485135688549359543e+02 1.742640453217680019e+01
2.112976595460976625e+02 8.275550871637770811e+00 1.484544070033983765e+01
2.446322599946443290e+02 3.367423153867928249e+02 6.877776672791817703e+00
3.298755626953923183e+02 2.120489306586179339e+02 1.743219556690727501e+01
2.749441621175676573e+02 2.257126964657115309e+02 2.709784220423548717e+00
3.816209702695668966e+02 4.565597951254911209e+02 2.941222525309850511e+01
2.860342605677832353e+02 1.543641401821979287e+02 1.973572891198406865e+01
2.263842032503783912e+02 4.565929171810871026e+02 3.362843847673678255e+01
2.706718983405480685e+02 3.979249218858589074e+02 5.442288109220241310e+00
3.496573949541084403e+02 2.354310653802715478e+02 2.072156900319041029e+01
1.053667638410511103e+02 3.304045179508279375e+02 7.251124200867254288e+00
2.234705479160055575e+02 3.160056537550855182e+02 7.468534700895175682e+00
2.887926909257216721e+02 2.353179046353490946e+02 6.697265142770710611e+00
2.707853984326134196e+02 2.213464912948819006e+02 3.952147797111940086e+00
2.601811622881814401e+02 2.163116970157802257e+02 6.676448126843617992e+00
2.608616556223181533e+02 2.153129979464708583e+02 7.010495968045196591e+00
2.731834259395538993e+02 1.450558778657752157e+02 1.634618921574381645e+01
3.729688667130063777e+02 2.043720908518002375e+02 2.080443712987370475e+01
2.927663917262874520e+02 3.981618022096658933e+02 2.437421473260527804e+01
2.443939714952387590e+02 3.393503621104764534e+02 6.475888072158576314e+00
2.775011668407369143e+02 1.268106639876736494e+02 2.503898230050079121e+01
2.685305251126106896e+02 1.505032454999460754e+02 6.783561895988190926e+00
1.788185058069943807e+02 4.008882837237896979e+02 3.014723495858318003e+01
7.117651529773199925e+00 3.239323558242878107e+02 2.698628774424806664e+01
3.270754971254217480e+02 4.216394192851839193e+02 2.548310936817540195e+01
2.680932723307821561e+02 1.492001745557347476e+02 2.264246126006982607e+00
3.995666276660440417e+02 5.106538451103556895e+02 6.492181103648548834e+00
3.521039569548263444e+02 2.014961929223953803e+02 2.077370243048348897e+01
2.742363334394938192e+02 1.506587614926709477e+02 5.301117745554866367e+00
2.759997221812262751e+02 1.506209244962774108e+02 7.293102900266558386e+00
3.259925343726896472e+02 4.812121988902254657e+02 2.431204278977201128e+01
1.309429853502780077e+02 3.286043102924325012e+02 1.871821852507778328e+00
3.455231243215486074e+02 2.311937281167571427e+02 1.972617734715774418e+01
3.376400071586851936e+02 2.287584261073860716e+02 5.296298456297310331e+00
2.771188918263848109e+02 1.461558988594990467e+02 7.798539889565271110e+00
1.726341389085926892e+02 4.326988131228750945e+02 3.240510814506404103e+00
3.217058672572152318e+02 1.194794401723708859e+02 2.002545065328502361e+01
3.787180634576781131e+02 1.582835174297624121e+02 2.361415085968368288e+01
1.271451771639396000e+01 4.344193572008994693e+02 1.391073977118955796e+01
3.811910395455115577e+02 1.861832400769672802e+02 2.223620151481800278e+01
2.910050969862018064e+02 1.563830961168578426e+02 2.173015231875504583e+01
1.063808097183304398e+02 3.294060413387695689e+02 7.751477160382928666e+00
2.680295206657641529e+02 6.408237936758212960e+00 1.195924051495910767e+01
3.564957470613680925e+02 2.056777854512544081e+02 1.779162285878235039e+01
2.729665132688728590e+02 2.849357621855215825e+02 2.271142329021345319e+01
2.561919305612801168e+02 1.821558019497497298e+02 9.701643104985961941e+00
2.546672513613843591e+02 2.327069840646315697e+02 8.080526822395484032e+00
3.163320123422688539e+02 1.219324636550815768e+02 1.983219535896508390e+01
3.860470814682687433e+02 2.231252051892603561e+02 2.000410454778160130e+01
1.253402546347005284e+02 3.575686079333534053e+02 4.257979931395214379e+01
3.271046744139780458e+02 2.120349849981377872e+02 1.968433053951745038e+01
3.300144761523848729e+02 2.120849392589804268e+02 1.976561385886477140e+01
3.250818492250411964e+02 2.114428319264516745e+02 1.952114474599481397e+01
3.477048283677496556e+02 2.333621046543185003e+02 2.171573632223566719e+01
3.251154078841806268e+02 2.093594457564147149e+02 2.005454951268441377e+01
1.254435472405509984e+02 3.599286547133895056e+02 4.205013290736432907e+01
3.957063364388127411e+02 2.609000366445268924e+02 3.070727330874994720e+01
3.366478119989869811e+02 2.296875624409975387e+02 6.785070013999412453e+00
3.271447383088878951e+02 2.091117567139293101e+02 1.976503659193478768e+01
3.563800044885531406e+02 2.085971410748081212e+02 1.997518557089180646e+01
3.212859845508346552e+02 1.220918133108238521e+02 1.785124409172992443e+01
1.826014140652903848e+02 3.646070463314071048e+02 1.230401124655517187e+01
3.298758822348825106e+02 2.069872876106417152e+02 2.010728662266889089e+01
2.874813178137964087e+02 2.010825234608971073e+02 2.762794881075700104e+01
3.514046617675174957e+02 2.038299672843880614e+02 2.035485895849517135e+01
2.726457762663262656e+02 4.387435700441723156e+02 3.223914478018839702e+01
2.889378239154823405e+02 1.571860971681608135e+02 1.978178054160115451e+01
3.768891412969778685e+02 2.089402437342122312e+02 2.080450841889361868e+01
1.835898693441924081e+02 3.651246199158190393e+02 1.230492730644434118e+01
2.890197543234713748e+02 1.544181458085751615e+02 1.974063286197363709e+01
3.816209359414763185e+02 2.279793079124927431e+02 2.177993750340569079e+01
1.957750787503618994e+02 4.900126926760717652e+02 5.186947659402445510e+00
2.861629321205499537e+02 1.515922796310559306e+02 1.983027803291826885e+01
1.832262077800550060e+02 4.031062595560607633e+02 2.617346748870256690e+01
2.502154622068690628e+02 1.559891982559275050e+02 2.325385679875318345e+01
2.754862711250265193e+02 2.773347462746680208e+02 2.545572543296826851e+01
3.191726368478400673e+02 1.245378372184273985e+02 1.983324487931576741e+01
3.143039205877101949e+02 1.239294168791983139e+02 1.883148943993373692e+01
1.553287700056406777e+02 3.894445715493453690e+02 2.515177890155811724e+01
2.839441594616795328e+02 1.544227895467892324e+02 1.983160901547721622e+01
3.193175060979569935e+02 1.219864692814587954e+02 1.983709930895465590e+01
3.217775728449904591e+02 1.219701327396588226e+02 1.989972515256582852e+01
2.009230850365866559e+02 6.220480545738931966e+01 1.997286793073213573e+01
3.935589111279251711e+02 4.625279871638701366e+02 3.638515378203076267e+01
2.947564299093811542e+02 4.000654572413909591e+02 1.997064679124224185e+01
2.970108951796813699e+02 4.000494982771985519e+02 2.023489416826925691e+01
3.165604782775291142e+02 1.244776722607672212e+02 1.956377405380104051e+01
2.972072955116311732e+02 3.975960567108396617e+02 2.000664682573397712e+01
3.815831733573763813e+02 2.300122648875276354e+02 2.078250088436739063e+01
2.979996506616131455e+02 8.495869226437067212e+00 2.493471501634093812e+01
2.704369836665284765e+02 2.847052054880202263e+02 2.797835240208170404e+01
2.103747673050631590e+02 3.773577005935184729e+02 1.929375250403620257e+01
2.007372624006531794e+02 5.747275937018547864e+01 1.992953456747511609e+01
3.496787695000225540e+02 2.334501136140717961e+02 2.022716223431537941e+01
3.322288791939807879e+02 2.092894634330813517e+02 2.030329895897135728e+01
3.274293671467212334e+02 2.067705794799291539e+02 2.044092930189525248e+01
2.927038089990753633e+02 3.993169612540771141e+02 1.989724738865056963e+01
2.478887987716816212e+02 1.513499432897653492e+02 2.325654466456851566e+01
2.035014132153850426e+02 5.991996109926198955e+01 1.996856434596917396e+01
3.543403459318948308e+02 2.015453646769841498e+02 2.052873982832344169e+01
4.985317693787135340e+02 4.294134943211495283e+02 3.760165559778931055e+01
2.721222199249866662e+02 1.476707302618870585e+02 1.342353103241386769e+01
3.564127051542816389e+02 2.015857579676263924e+02 2.044926454523498904e+01
3.640503299181110606e+02 2.083941881002332366e+02 2.973431829641881308e+01
2.369383705526606718e+02 3.955541169492158815e+02 1.284808271922718070e+01
3.809409673705912383e+02 1.887329702628734367e+02 2.064098162115809387e+01
3.831660255597140576e+02 1.860766239099411052e+02 2.059873089915879163e+01
1.612850995394766755e+02 2.463287500221974824e+02 1.144143930336165838e+01
2.971962481189087839e+02 1.272872734594204935e+01 2.492738101293103981e+01
2.840762313020292140e+02 1.523125145258566135e+02 2.023261510172487831e+01
3.212864607225017153e+02 1.240034247985766598e+02 2.033477537782273004e+01
1.986857062339451829e+02 6.183992223692024481e+01 1.972102846183183544e+01
2.947532752995480223e+02 3.953390562637606536e+02 2.040354653880688929e+01
1.534645541735037284e+02 3.168298883122786833e+02 2.027901728562180850e+01
1.544597187587330893e+02 3.168478901877377325e+02 2.028065193561833013e+01
2.418331713031218442e+02 1.711468881331944090e+02 2.731813852135932752e+00
2.134789197854907172e+02 6.575461350233291036e+00 1.622847939071574785e+01
2.927847968466703605e+02 3.952337122343956253e+02 2.238940175603162075e+01
2.729666308101752747e+02 2.832135905626090562e+02 2.052597246932587893e+01
2.751189764402391802e+02 2.823030960413859702e+02 2.053085229558896785e+01
2.401216667194650540e+02 3.344107256833588053e+02 4.824454301271817513e+01
3.540776038035012334e+02 2.058896614969954442e+02 2.474875345394590909e+01
3.188924795480110106e+02 1.169644161845889698e+02 2.034074901433437077e+01
2.773748700228236430e+02 2.810946709887867314e+02 2.053632673334952941e+01
1.845179702773600070e+02 4.374611931772961952e+02 3.507743000833427516e+01
3.314863735155142876e+02 4.048934059992275252e+02 2.343478074257254562e+01
2.432806266533636403e+02 4.588799008300911169e+02 3.415063429555270602e+01
2.754525862589723602e+02 2.798861731238456514e+02 2.550730590661563113e+01
3.546020233214252357e+02 2.039003755989135414e+02 2.475244513937358448e+01
2.914103283341128190e+02 1.544544161455063147e+02 1.994346922250074527e+01
3.305842422961404736e+02 2.029058135039786634e+02 2.073580705180907913e+01
3.769830715855606513e+02 2.019462398088722352e+02 2.081456868039656527e+01
3.791210054952208566e+02 1.909916659628275113e+02 2.083364696275138783e+01
2.421086412367601213e+02 3.346965152887534032e+02 4.824745301765754846e+01
3.792149357838036394e+02 1.839976620374875154e+02 2.084370722425433442e+01
4.005285787974014511e+02 2.590349859308994382e+02 2.939196485032023531e+01
3.805858215233640749e+02 1.560396482115865808e+02 2.088558292026264951e+01
1.738527971773614809e+02 4.300944656565006881e+02 2.114714047989233237e+01
5.062466886420481842e+02 3.683348782227256493e+02 3.073954892070722522e+01
2.725044624257176338e+02 2.216884531750527287e+02 2.214165186986623901e+00
3.888948641666681851e+02 2.278900936523974394e+02 2.238889559464382728e+01
1.883111943406582327e+02 3.654214592927861531e+02 2.623531228323589914e+01
3.190856380805480512e+02 2.110322457681968444e+02 1.672713814401560484e+01
1.551973586301522516e+02 3.909048733253049477e+02 2.713848176027605419e+01
2.921708521205001716e+02 3.973957024864338905e+02 2.244381498293142840e+01
3.164402821914733295e+02 1.245689351898911355e+02 1.678665813336333201e+01
2.974149634380911493e+02 3.975321581667241162e+02 2.223684629773858745e+01
4.660275277882026330e+02 2.434801401075823719e+02 2.239604335940870072e+01
1.736213475605626684e+02 4.336986233466281533e+02 3.737989413592664345e+00
2.969908293778955795e+02 8.521205025007303036e+00 2.368987754308330196e+01
2.949008872601316398e+02 3.952676324523432072e+02 2.251719566960034413e+01
1.163460070835337063e+02 3.727244485187037526e+02 2.201643956768663557e+01
2.433848980737961369e+02 4.565211056542616461e+02 3.429621847871161577e+01
2.752722822892585555e+02 2.826927840441405237e+02 3.087330323311058677e+01
1.181502619060043742e+02 3.720956817991548746e+02 2.188221505878460249e+01
2.659934495349797317e+02 1.506142564378039026e+02 2.303945107256885727e+00
2.812065239950669593e+02 3.300990367665091867e+02 2.146782308642213621e+01
1.530878463247568106e+02 3.169462542193830359e+02 2.246611370974400401e+01
2.753795543446366310e+02 2.829876137952331305e+02 2.251930759014484451e+01
2.416236161575005497e+02 3.329736835089123019e+02 4.725458849942613426e+01
1.825817740394585655e+02 2.974037444817009828e+02 1.936060348120622621e+01
2.726160274801006835e+02 2.800239814193832899e+02 2.269971107133858013e+01
2.700711231321249670e+02 3.193458587920975447e+02 3.737639255135140814e+01
1.792723866644468842e+02 4.010359652184130823e+02 2.616980324914588962e+01
2.754198101826007132e+02 2.799901835415159894e+02 2.252361913078896549e+01
2.781140856067914910e+02 2.802029897553354090e+02 2.287881095405084864e+01
3.540892996175567760e+02 2.034611432306780614e+02 2.276322188726489770e+01
2.752438941168151132e+02 2.821466074189559095e+02 3.766719595502578954e+01
2.661296175102669395e+02 2.791907505452055034e+02 2.151475822777405966e+01
4.643542926688069201e+02 2.385088655485151321e+02 2.258675922271406833e+01
5.028943131579452483e+02 4.296512099049271569e+02 4.258107131608922202e+01
1.812795800447584611e+02 4.029315752482488620e+02 3.014844722314507663e+01
4.669168104182950856e+02 2.388284280360396963e+02 2.307685952496490600e+01
5.006269541965456256e+02 4.224208240075042227e+02 3.860954741789419131e+01
3.470100854063240376e+02 2.356814331470107788e+02 2.171129315900873280e+01
3.472340833004442402e+02 2.313548168807775198e+02 2.171779335766681740e+01
2.724784308201228669e+02 9.452006490817746354e+00 1.295684715790823027e+01
3.837945226046534799e+02 2.306424232583354978e+02 2.227703997336790920e+01
2.709894003801086910e+02 1.492055506882407201e+02 2.314274127561561034e+00
3.837452203740305094e+02 2.279872255260227689e+02 2.265365311093108147e+01
2.426507886598139123e+02 3.349564038784385502e+02 5.484707022740248128e+00
3.866076842264137667e+02 2.280346471505646662e+02 2.278267301199719697e+01
2.700232719904547594e+02 1.505302483131347060e+02 6.786013870982976037e+00
3.838661378122590122e+02 2.252572280120116091e+02 2.257266583532756599e+01
3.841491375706043527e+02 4.536073695604216596e+02 2.942062341873393549e+01
3.865530415465321994e+02 2.252235519519540787e+02 2.260574530098033108e+01
3.727597169754336619e+02 2.066006499159869065e+02 2.269047257300192300e+01
3.300920618197521890e+02 2.091279691447649043e+02 1.973168043023343898e+01
2.724268366653202520e+02 2.828295977511855881e+02 2.549809041598194170e+01
4.355949589209562873e+02 9.855893663676012295e+01 3.564466976340359139e+01
3.272329084474943102e+02 2.119323005130316346e+02 2.248040374532415697e+01
3.243139557213603439e+02 4.216834906969642702e+02 2.538803064616464766e+01
2.411705057553131155e+02 3.304321538871949997e+02 4.825192638357352592e+01
2.729431394532238073e+02 2.775011193235866358e+02 2.572749491717327075e+01
3.299470157672201367e+02 2.119813969365553987e+02 2.248486191795871747e+01
3.759879070003312336e+02 2.019282379334131576e+02 2.081293403040004364e+01
3.249112100970132815e+02 2.113490889564038184e+02 2.210668004781978979e+01
3.513478740853950057e+02 2.064097110940423931e+02 2.275447342523434102e+01
3.249714079608945667e+02 2.092871053485158654e+02 2.204340160486462352e+01
3.816075516569122783e+02 4.575589385433968346e+02 2.941078807288380048e+01
3.521148823136169312e+02 2.014615227831719153e+02 2.176826468909237633e+01
4.000557778537322520e+02 5.097330429086263734e+02 4.505311091643740440e+00
2.860987701182788214e+02 1.570119309582713072e+02 1.978181122230336797e+01
3.271393441404356963e+02 2.089699531007173334e+02 2.271046325607053262e+01
3.729420294876970274e+02 2.063703776876116649e+02 2.080156276944429194e+01
2.725198218319510488e+02 2.829315246358853528e+02 2.263892825373095263e+01
3.299406870207251359e+02 2.091178232063669498e+02 2.253411000205292680e+01
3.560070730453469423e+02 2.085101991407365176e+02 2.226202415687996705e+01
2.359663398575273732e+02 3.962279401666882563e+02 1.592844172368554290e+01
3.769055293351636919e+02 2.088882385253770622e+02 2.229635180680694972e+01
3.886256816316064260e+02 2.257508780767261953e+02 2.245777433998606298e+01
3.706970698459258529e+02 2.646892544042369764e+02 2.369872252771582311e+01
2.838194106515628619e+02 1.543661873089975529e+02 2.209395666616116216e+01
4.363047827186375116e+02 9.459747750255307608e+01 3.498846546390767998e+01
3.272905769388987665e+02 2.069739164993382872e+02 2.271354194774951196e+01
1.784722566220913507e+02 4.132094726165832981e+02 3.476746104590352271e+00
3.296431674700279473e+02 2.070513410927770224e+02 2.172286198288236747e+01
2.725128787453977566e+02 2.854975844376306213e+02 2.847794088015004021e+01
2.089975986678138327e+02 3.776000689388504270e+02 1.879386443593286060e+01
3.567363742180638155e+02 2.063625138611436682e+02 2.261435553043002855e+01
2.989411407962238627e+02 1.251044477351900142e+01 2.493060094547863415e+01
3.749040729467683377e+02 2.067115392295742708e+02 2.262038610752810897e+01
2.332874783361738196e+02 4.621795489685586062e+02 3.462653879414044411e+01
3.778048128991306385e+02 2.067808104033541099e+02 2.230083613351015970e+01
3.307056291306248568e+02 2.028928923102537851e+02 2.279605280787273713e+01
3.517294489899471728e+02 2.037036871843445169e+02 2.239730754445313110e+01
3.143404786203366257e+02 1.217636276456416198e+02 1.954496991682353624e+01
3.729871904073278301e+02 2.044096050677272558e+02 2.259450470978559622e+01
2.112290942284752759e+02 4.752199386413509501e+02 3.606301794923172821e+01
2.704788713590571660e+02 2.800286145314150303e+02 2.599605449088378251e+01
3.321847533837201354e+02 2.030997721098018474e+02 2.173269732873250248e+01
4.905416295708778307e+02 4.774953468465486708e+02 1.718424267802444838e+00
3.812161903130529481e+02 1.839989956491822056e+02 2.184153878285626860e+01
3.751055133340880730e+02 2.040853576035156891e+02 2.011226029941910909e+01
3.752092680583855326e+02 2.018583644168122362e+02 2.240292632352666047e+01
2.007028726297132835e+02 5.987763915202696552e+01 1.972717212225429506e+01
2.801751868964660162e+02 1.271208701516531789e+02 2.279537299428830011e+01
2.283546945670793207e+02 4.639562875342902544e+02 3.433165368474284662e+01
3.261633071540500168e+02 4.788858556190741069e+02 2.467725597374388968e+01
3.774970419163612405e+02 2.019032355377666192e+02 2.230722939330815890e+01
3.787633920008122459e+02 1.887516827130463071e+02 2.183071716342520574e+01
2.766081127097600074e+02 1.509670268893070784e+02 2.486902156826745536e+00
3.831528450328929694e+02 1.880315730717232157e+02 2.183905936199048625e+01
3.831796822582023196e+02 1.860332862359117883e+02 2.184193372241990261e+01
1.232595555532088554e+02 3.594893993734420405e+02 4.204711154567456077e+01
1.613088201974558729e+02 2.455360547847388659e+02 1.268572001178379871e+01
2.967094032485235857e+02 1.285356706943555416e+01 2.348989917935347549e+01
2.508898854859693301e+02 1.786433197103262955e+02 2.163171117395586762e+01
2.889142480594049402e+02 1.567310752949300934e+02 2.212396920451936921e+01
3.938519096933533774e+02 1.669127270592673824e+02 2.659909870756234085e+00
2.007648606323885758e+02 5.717915441812940713e+01 2.217908400520779111e+01
2.896332932313978290e+02 4.090983741802515397e+02 2.435350180025393385e+01
2.861900665474597645e+02 1.542667137663628978e+02 2.259529973673418723e+01
4.900014169966295867e+02 1.450113306028607667e+02 3.102867639603787353e+01
1.282431596719506786e+02 3.230748477932684182e+02 1.800693596056570422e+00
2.889214122298361644e+02 1.542743819365672096e+02 2.255120064786323297e+01
2.772460802225925818e+02 1.465704180106192211e+02 2.328442935630274047e+00
2.910373968909065070e+02 1.543674742114347112e+02 2.223030780848890586e+01
2.757696954766410045e+02 4.473959202365902570e+02 4.217705372332388691e+01
1.884793877371592146e+02 3.673250431826624549e+02 3.045950086794959688e+01
2.861518727404646825e+02 1.513756543868657900e+02 2.237556804429863178e+01
2.443574908265100873e+02 3.347117090318520241e+02 5.203759369756182807e+00
2.910642341162158573e+02 1.523691873756232837e+02 2.223318216891831867e+01
2.442606498273392219e+02 4.584676712750442107e+02 3.216386301843880346e+01
2.948233577592916390e+02 4.022662915286659882e+02 2.238284430882328380e+01
3.787909111988384439e+02 1.532561374500646139e+02 2.333961813525497675e+01
3.786946869343277058e+02 1.557027403473142044e+02 2.562935899086559388e+01
2.751296276891085881e+02 1.270024894641344844e+02 2.288183702621117988e+01
3.757565468308845311e+02 1.251970836061403247e+02 2.262604766589155147e+01
2.989612687152058470e+02 1.101172964666042908e+01 2.493275671580069286e+01
3.169260193009718023e+02 1.217257194989927171e+02 2.196453908009813105e+01
2.680404460245547398e+02 6.373567797534765766e+00 1.295380277356799681e+01
3.190888253940756840e+02 1.196183246897784898e+02 2.211320323765774987e+01
2.026873842318312313e+02 6.216407926068450962e+01 2.204773390598688820e+01
2.929608381324837865e+02 1.711961283018380300e+02 3.729286151228969004e+01
1.983656161236541209e+02 5.963198395732069912e+01 2.196123455790938905e+01
2.032180974897630961e+02 5.983596849261603268e+01 2.221766439376782287e+01
2.027473524224577943e+02 5.782868071907506646e+01 2.221972142919897664e+01
2.058297567773840626e+02 4.216435647708161696e+02 2.220694616032232105e+01
2.008199810550908637e+02 6.217484719073267030e+01 2.196172823236393157e+01
1.825683554268038620e+02 2.984028878996066965e+02 1.935916630099151803e+01
2.058431753900387378e+02 4.206444213529104559e+02 2.220838334053702923e+01
2.702192928223743138e+02 2.822737095773059650e+02 2.310840744167010286e+01
4.650378258823685655e+02 2.434448031625115618e+02 2.289168983871662277e+01
4.620858786583171423e+02 2.408929389913700447e+02 2.289037883926382122e+01
3.816586985255762556e+02 2.259463509374578791e+02 2.277737412244399451e+01
2.482294078595247129e+02 1.555570102632824501e+02 2.315170575681788634e+01
1.841696907867114703e+02 4.034030473477455416e+02 2.837671628484985931e+01
2.740416929154721402e+02 1.485692988399360956e+02 7.789989090007370720e+00
4.508740837938416917e+02 1.761833061318945113e+02 1.003487039134593672e+01
2.773614514101690247e+02 2.820938144066924451e+02 2.053488955313482123e+01
2.528726833095059874e+02 1.559625050959322721e+02 2.349037646421617964e+01
3.808344655278724531e+02 1.581968784878747272e+02 2.361780413845313120e+01
2.479254126584932578e+02 1.534436296821181429e+02 2.309894168575677398e+01
2.564151901640002507e+02 2.004701357059926750e+02 3.851643555284017140e+01
3.296312791357380547e+02 2.141026175515208081e+02 2.012166520318656993e+01
2.524927676096624793e+02 1.513495434311543306e+02 2.565101308085279186e+01
3.295546998608405147e+02 2.140280099485053142e+02 2.221008285068386456e+01
2.525186177902295697e+02 1.513784911730784017e+02 2.341340159986783576e+01
2.754556915229987908e+02 1.290835236868348943e+02 2.273736404321665105e+01
2.802543440753080404e+02 1.245176579156310481e+02 2.362201756547593234e+01
2.462337847539724009e+02 4.589059793762762638e+02 3.661251179220925422e+01
1.325018618504157075e+02 3.329172349436835816e+02 3.513869145117813275e+01
1.813248223904507483e+02 3.980051984371671665e+02 2.816650860700083214e+01
2.428228732089559117e+02 1.711822250782652191e+02 2.236167372828011590e+00
2.947251834925532421e+02 1.035842848120053006e+01 2.355918458536244131e+01
1.277308225592434781e+02 3.551294985037636138e+02 4.248695469194284868e+01
2.555414568262590649e+02 4.529642695759564504e+02 3.413210776223566256e+01
3.242997688817382596e+02 4.190348668637781202e+02 2.539175745241616511e+01
3.262757248679105260e+02 4.222884064352821269e+02 2.340145683883256211e+01
1.788260786464289822e+02 4.009014054961201055e+02 2.809974032212046779e+01
2.664464647056835247e+02 2.779685603834666949e+02 1.853353260681411641e+01
2.969612608128886677e+02 1.052815939562459313e+01 2.343836261800166909e+01
3.245224086676917068e+02 4.787220076714959873e+02 2.331862150670510303e+01
3.244557193457051198e+02 4.219223448440349671e+02 2.339893903856840396e+01
2.700795552370512951e+02 3.202756619315563285e+02 3.936407988835447469e+01
2.731399849518804785e+02 2.775821640375043557e+02 2.351772062456484846e+01
3.541106741634710033e+02 2.014801914644783665e+02 2.226881511838986683e+01
3.242497604194702490e+02 4.214245421952594484e+02 2.755809719688302906e+01
1.906218798702782919e+02 3.678399784247674233e+02 3.048494868390800860e+01
2.774479019371593722e+02 2.779932303173992523e+02 2.352432504982031602e+01
3.766111020335089279e+02 1.578619171278913598e+02 2.385985673567380871e+01
2.714993771535265523e+02 1.279777026278694620e+02 2.372682488205415297e+01
3.323380970095947760e+02 2.118563059467530820e+02 2.044191665080433395e+01
2.989302154374332758e+02 1.254511491274244861e+01 2.393603868686974323e+01
2.730534173121200183e+02 2.848513079637222631e+02 3.086654521903351522e+01
3.560679329739599552e+02 2.059256652479135994e+02 2.475202275393895235e+01
3.657762618801272083e+02 2.088737871605657119e+02 2.882489866344756635e+01
3.240022052022308117e+02 4.811761951393073105e+02 2.430877348977896446e+01
3.448709292863779865e+02 2.334209904617561335e+02 1.980841285511187877e+01
2.750176034891484278e+02 1.264943226236853917e+02 2.510222503295126728e+01
3.237590467974129069e+02 4.787805032959291793e+02 2.442225918646693117e+01
2.553662363480312365e+02 4.478446493254503480e+02 3.347606699098113126e+01
3.243779038853466545e+02 4.239433087807960305e+02 2.574657158283903513e+01
2.530713256550714618e+02 4.523198685797593726e+02 3.392763253481585650e+01
2.966715248990051350e+02 4.022997236615719316e+02 2.238588009451476424e+01
1.431510905332232824e+02 4.026834751321446220e+02 2.461547014337550365e+01
2.948758794745109526e+02 3.999132035782738512e+02 2.437525379685774496e+01
2.927529731136328337e+02 3.991609456275716070e+02 2.437277755239056987e+01
1.987075569515262998e+02 6.177058195847335043e+01 2.171015297904961372e+01
2.967470500672050093e+02 3.982338097115022038e+02 2.438075333259136812e+01
3.961259003093634874e+02 2.659394248110084504e+02 2.970634247406578510e+01
1.567263644903077022e+02 3.894559060226495149e+02 2.555189192562430023e+01
2.853559563528092440e+02 1.731543238581870980e+02 1.075753585057130124e+01
3.885602508127725514e+02 2.301036078765176853e+02 2.178850569295194006e+01
2.817023834890826492e+02 3.286786628558270422e+02 1.948167166452468280e+01
1.840959960520879690e+02 3.983727643400181364e+02 2.811826938349442528e+01
2.979258943415861722e+02 1.719580167735993825e+02 3.713431499373317024e+01
2.949440944171204819e+02 1.249044248051787420e+01 2.343221895757920947e+01
3.322175294600917823e+02 2.029957616921315093e+02 2.471638410455916812e+01
2.989515899833473895e+02 1.056416314654274302e+01 2.344163191799471235e+01
1.738662157900161560e+02 4.290953222385949744e+02 2.114857766010704054e+01
1.565287126895086658e+02 3.905958177645737806e+02 2.714114035998181507e+01
1.149535538307701188e+02 2.714977711985482642e+02 3.917436745377512608e+01
2.502369070442198904e+02 1.559370993748093781e+02 2.522638156217243477e+01
2.479213629965504708e+02 1.554758911167502617e+02 2.530604514312690867e+01
2.743816482715188840e+02 4.462064035619839615e+02 4.118192759849833351e+01
1.990850523965922889e+02 3.780946719250225669e+02 3.518579439649634111e+01
3.806026857332169584e+02 1.578992544905042053e+02 2.486095759426878971e+01
2.474627478058708618e+02 1.533283640699838486e+02 2.559658127614958545e+01
5.062235912975349947e+02 3.688864551405137604e+02 2.924698694268653654e+01
3.888140284668081677e+02 2.281791617880179217e+02 1.980266419866270766e+01
2.720313827593183760e+02 2.212828475941065278e+02 4.037190976492309957e+00
2.321571057885235234e+02 4.515901564766052161e+02 8.285531863477508807e+00
2.502738876522692237e+02 1.535080518303305723e+02 2.564425506376256791e+01
2.778004946344786958e+02 2.776141679470606505e+02 2.501719241238566482e+01
1.812845665524866945e+02 4.010026286908843645e+02 2.816219706635671116e+01
2.743232788112969729e+02 1.456257615195410438e+02 1.088279500384149401e+01
2.526456727628789452e+02 1.534079397114545600e+02 2.534235573909391803e+01
2.502252703774668419e+02 1.506828268376767994e+02 2.564817450158659895e+01
2.769702891184240343e+02 1.290411862215766234e+02 2.472894053542921000e+01
1.930421646527678377e+02 3.677812926328692811e+02 2.822885285845175218e+01
2.727180751858237500e+02 2.258699728915698870e+02 4.197590350791028158e+00
2.665579924458149890e+02 1.271407031660259577e+02 2.604025565097279937e+01
2.685491527280743185e+02 1.268552133051396140e+02 2.571248262949706742e+01
2.007301860266896654e+02 5.979096380396834576e+01 2.221357776877651702e+01
2.798230632497500210e+02 1.267550762012742211e+02 2.490268522864629475e+01
2.703646698415610672e+02 2.236113209604822885e+02 4.694110122167357346e+00
2.749898403880571323e+02 1.247586122221174634e+02 2.550519780320373187e+01
2.283129020369590023e+02 4.616073029519221222e+02 3.412180300496073926e+01
2.774440389127956905e+02 1.242281901906941073e+02 2.491736317903043840e+01
1.607640186657839365e+02 4.466031884053657564e+02 2.806339377654973788e+01
2.058491142411010344e+02 4.225386977710515453e+02 2.518919575593427851e+01
3.204161761107345683e+02 2.110446917168163452e+02 1.706083907916810460e+01
1.839474720979301026e+02 4.011275080324292617e+02 2.597857288862842751e+01
3.812768577214317247e+02 1.860372199487856619e+02 2.074480903353844852e+01
1.813327704644690357e+02 4.008715261169918449e+02 2.581829593737035111e+01
1.555116973866982164e+02 3.906471561675616044e+02 2.515038119276751516e+01
2.864643025109859309e+02 2.011338618638849312e+02 2.563718964354270113e+01
2.544785526847332449e+02 2.343175703501401017e+02 7.967431940212288843e+00
2.864894774918557232e+02 1.997785623178105823e+02 2.630214674993270307e+01
2.705717818032377409e+02 1.248755951506345951e+02 2.621590741922397072e+01
3.223077146843826313e+02 4.236111036426340775e+02 2.637644924435107541e+01
2.525287968665305982e+02 2.325585389276111243e+02 9.624161554153698006e+00
1.812358786095962557e+02 4.030702558051426649e+02 2.617019818870952008e+01
2.536796751267614809e+02 1.831446108182312003e+02 8.701557041171058771e+00
3.267076634897531449e+02 4.194781724608916988e+02 2.539514659538948038e+01
3.784389190829556355e+02 1.888377900695145115e+02 2.083555900698104679e+01
1.793059331960836005e+02 3.985381066736487696e+02 2.617339619968265652e+01
5.034749597650633177e+02 4.245347633488499355e+02 4.051381767951995272e+01
3.286544467930564224e+02 2.545158422653935304e+02 3.557693162810261356e+01
2.949806103742884034e+02 1.093972214482413108e+01 2.492621811581459923e+01
2.881161645496529218e+02 1.992593846311121979e+02 2.651278263897240350e+01
1.813029716728696599e+02 3.980745387156140396e+02 2.617738408978305387e+01
3.885438627745867279e+02 2.301556130853528543e+02 2.029666230503860547e+01
9.687046701273257554e+01 4.679878593769449253e+02 2.162805663801772837e+01
1.839522759544307462e+02 3.984556017781815740e+02 2.618126409006338662e+01
1.901778476396144129e+02 3.672541087019390602e+02 2.623583120140941460e+01
3.971285446561852268e+02 2.630640068504206965e+02 2.672860188887976562e+01
3.971486725751672111e+02 2.615652917235621544e+02 2.673075765920182434e+01
2.651458693925703756e+02 4.660619251801900873e+02 4.014390988562659857e+01
3.262925890777634095e+02 4.241480127141998651e+02 2.737683151283870231e+01
3.221000407753389254e+02 4.213238603442580370e+02 2.737383649594392310e+01
3.220450558494306961e+02 4.192408010537292284e+02 2.737669439854941800e+01
1.842700603081748056e+02 4.010566343172615689e+02 2.816710101634627961e+01
1.862603894786335559e+02 4.010926380681797241e+02 2.817037031633932642e+01
1.785182867451028415e+02 3.979607696346067200e+02 2.798107254605884009e+01
1.763514927181680036e+02 3.969507157811895581e+02 2.716521027862403415e+01
1.815441342763626551e+02 3.960313140182698817e+02 2.757297215788026890e+01
